sessionId,participantId,game_gameVersion,r1_speedPxPerFrame,r2_speedPxPerFrame,r3_speedPxPerFrame,r1_spawnIntervalMs,r2_spawnIntervalMs,r3_spawnIntervalMs,device_pointerPrimary,device_os,device_browser,screen_width,screen_height,screen_dpr,viewportWidth,viewportHeight,perf_samplingHzTarget,perf_samplingHzEstimated,perf_avgFrameMs,perf_p95FrameMs,perf_droppedFrames,perf_inputLagMsEstimate,highContrastMode,reducedMotionPreference,userInfo_ageBucket,userInfo_gender,r1_nTargets,r1_nHits,r1_nMisses,r1_hitRate,r1_reactionTime_mean,r1_reactionTime_std,r1_reactionTime_median,r1_movementTime_mean,r1_movementTime_std,r1_movementTime_median,r1_interTap_mean,r1_interTap_std,r1_interTap_cv,r1_errorDist_mean,r1_errorDist_std,r1_pathLength_mean,r1_pathLength_std,r1_straightness_mean,r1_straightness_std,r1_meanSpeed_mean,r1_peakSpeed_mean,r1_speedVar_mean,r1_meanAccel_mean,r1_peakAccel_mean,r1_jerkRMS_mean,r1_jerkRMS_std,r1_submovementCount_mean,r1_submovementCount_std,r1_overshootCount_mean,r1_overshootCount_std,r1_ID_mean,r1_throughput_mean,r1_throughput_std,r2_nTargets,r2_nHits,r2_nMisses,r2_hitRate,r2_reactionTime_mean,r2_reactionTime_std,r2_reactionTime_median,r2_movementTime_mean,r2_movementTime_std,r2_movementTime_median,r2_interTap_mean,r2_interTap_std,r2_interTap_cv,r2_errorDist_mean,r2_errorDist_std,r2_pathLength_mean,r2_pathLength_std,r2_straightness_mean,r2_straightness_std,r2_meanSpeed_mean,r2_peakSpeed_mean,r2_speedVar_mean,r2_meanAccel_mean,r2_peakAccel_mean,r2_jerkRMS_mean,r2_jerkRMS_std,r2_submovementCount_mean,r2_submovementCount_std,r2_overshootCount_mean,r2_overshootCount_std,r2_ID_mean,r2_throughput_mean,r2_throughput_std,r3_nTargets,r3_nHits,r3_nMisses,r3_hitRate,r3_reactionTime_mean,r3_reactionTime_std,r3_reactionTime_median,r3_movementTime_mean,r3_movementTime_std,r3_movementTime_median,r3_interTap_mean,r3_interTap_std,r3_interTap_cv,r3_errorDist_mean,r3_errorDist_std,r3_pathLength_mean,r3_pathLength_std,r3_straightness_mean,r3_straightness_std,r3_meanSpeed_mean,r3_peakSpeed_mean,r3_speedVar_mean,r3_meanAccel_mean,r3_peakAccel_mean,r3_jerkRMS_mean,r3_jerkRMS_std,r3_submovementCount_mean,r3_submovementCount_std,r3_overshootCount_mean,r3_overshootCount_std,r3_ID_mean,r3_throughput_mean,r3_throughput_std,delta_r2_minus_r1_hitRate,delta_r3_minus_r1_hitRate,delta_r3_minus_r2_hitRate,delta_r2_minus_r1_reactionTime_mean,delta_r3_minus_r1_reactionTime_mean,delta_r3_minus_r2_reactionTime_mean,delta_r2_minus_r1_movementTime_mean,delta_r3_minus_r1_movementTime_mean,delta_r3_minus_r2_movementTime_mean,delta_r2_minus_r1_jerkRMS_mean,delta_r3_minus_r1_jerkRMS_mean,delta_r3_minus_r2_jerkRMS_mean,delta_r2_minus_r1_throughput_mean,delta_r3_minus_r1_throughput_mean,delta_r3_minus_r2_throughput_mean,latent_pc1_motor,label_level
S_00001,P_001,1.0.0,2.5,3.5,4.8,900,750,600,mouse,Windows,Chrome,2560,900,1.0,1616,767,60,57.43486240392791,16.964988237455373,24.4072282141731,12,21.879187056179664,0,0,25-34,Female,25,22,3,0.8788341670426937,389.0088879467324,85.5823436228072,369.5204634799414,346.6091188268219,89.78623979183455,357.81253098694043,505.8479057502445,143.66113525902475,0.2840006524213139,0.1690422706473557,0.1340214508593925,0.3626109635247188,0.1859037609811617,0.8889317798812786,0.0726661444981543,0.6388359548395988,0.8974914957652631,0.1066254339289685,0.980210894243606,1.3334887160721225,0.0121241971480058,0.0056214087780392,2.093136086809816,1.2080080080937097,1.796381207947645,1.250952175874922,3.325266686887187,4.435579071928971,1.298610094509769,31,24,7,0.789178048611305,419.65207601199023,87.19503652387812,425.4992230593268,347.20067529692426,94.96732281861308,349.8673476621095,485.5599999680186,154.67777986457034,0.3185554408821942,0.2000932091143708,0.1339778194681322,0.4923325029712428,0.2354925374303912,0.8684652565001529,0.0687122628548036,0.5745365335224559,0.8566619090037162,0.1129564662040381,0.9048485512361988,1.1630340313772276,0.0107103424813998,0.0069267446362998,2.8053545108367,1.1404259136947086,1.5996860769083725,0.6441780718859633,3.247053813639001,3.931850308440231,1.3443041478638171,31,25,6,0.7969231255716822,455.9634743672551,93.32809392378611,470.4402258007407,388.92987695733535,115.11387310357917,398.786517108028,599.1853424063836,172.76755841137808,0.2883374244729145,0.2370543924228518,0.1249143074323618,0.4523314392907465,0.1764000375875359,0.8142813139260452,0.0830683660699431,0.6173896735419825,0.7203169818899127,0.1200565366238522,0.9050047136893252,1.4918684021508906,0.0128015162313846,0.0057421260794023,3.1848655396995795,1.4333532294438112,2.2221969531652728,0.8969292146600873,3.649943306508984,3.608738954688208,1.3094780596262334,-0.0896561184313886,-0.0819110414710114,0.0077450769603771,30.64318806525785,66.95458642052273,36.311398355264885,0.5915564701023754,42.32075813051347,41.72920166041109,-0.0014138546666059,0.0006773190833787,0.0020911737499847,-0.50372876348874,-0.8268401172407631,-0.3231113537520231,0.5779511248935105,1
S_00002,P_001,1.0.0,2.5,3.5,4.8,900,750,600,mouse,Windows,Chrome,1920,768,2.0,1313,493,60,60.0,16.273625357728022,26.65795823445463,17,13.057725907739073,0,1,unknown,Female,24,22,2,0.8986438328816776,347.71415613063,86.10499589395997,360.362610185023,319.8500827838316,75.17057555209074,323.8595640722413,534.5303045294651,134.8462238980079,0.2522704938435811,0.1700968591800911,0.1033060975521302,0.3961487796067448,0.1930446427248939,0.9012780794118758,0.0898687241838283,0.7203167711622975,0.8868036577618131,0.1085123098811918,1.0020273442949763,1.378513348063033,0.0076723665135301,0.0057399640925679,2.4459233497136266,1.6333896696948025,2.1877905388545478,0.7767724765292499,3.156892495767624,3.957268635354337,0.9588150945464908,23,19,4,0.846793819191082,453.11479917861135,86.66207240745204,462.9269957796282,322.280563397531,86.89446712316148,335.0295363398458,507.943335589192,153.58920299158757,0.3023746788870275,0.1855989782431516,0.0778349183916692,0.3799676150758739,0.2155744284593678,0.8407673190463165,0.0655268873248545,0.7898877315408582,1.388495791849707,0.101558153642295,0.9292751419308286,1.330508474571905,0.0130919950884885,0.0046626172325118,2.49652087928122,1.2853623774003673,1.935166977810032,0.872189932394994,3.2999265553225943,3.6282598030677935,1.011695085044814,29,23,6,0.7868907657721594,441.8852781859301,104.46705128976204,426.6945409186327,397.03493054567343,99.20984575471438,396.39706637473904,559.2766693052041,172.3187441609587,0.3081100171316501,0.2184141145616689,0.111043754250532,0.5113740217055216,0.2044565842683066,0.8414327017229273,0.0688641710124532,0.6014214815256217,0.9943586358962856,0.1466444707217446,0.9476626071434036,1.0359747090972746,0.0135301063442174,0.0061038946491544,2.478459743892273,1.0355899006980287,2.129852316777002,0.9579145063122626,3.440174322129467,3.5812524421742022,1.009624539909981,-0.0518500136905956,-0.1117530671095181,-0.0599030534189225,105.40064304798142,94.1711220553002,-11.229520992681216,2.4304806136994443,77.18484776184187,74.75436714814242,0.0054196285749584,0.0058577398306873,0.0004381112557288,-0.3290088322865427,-0.3760161931801349,-0.0470073608935921,2.4812787136770433,0
S_00003,P_001,1.0.0,2.5,3.5,4.8,900,750,600,mouse,macOS,Chrome,1366,1440,2.0,1040,1058,60,55.88256210686224,16.43617083735742,17.166005489921673,24,22.367972902284656,0,0,25-34,Male,29,26,3,0.894934531232691,442.73632766844565,95.99071803402109,436.150027484502,379.45009367325366,85.769083607666,369.51423555168896,492.4771312372828,155.85532162118733,0.3164722009113838,0.155765792300593,0.1329345245362961,0.370936582995352,0.1887898526927522,0.8864727100832983,0.0882838938568727,0.7649720660589668,1.233449604976583,0.1277583396671719,0.8742429528822779,1.2141999769475478,0.0075562737955476,0.0051388624498536,2.9644909778646547,1.2589352206235294,1.418892017536352,0.7458278705449128,3.204917313931439,4.0382249442271165,0.9479003022235056,31,26,5,0.8448151581195971,452.31133843586446,97.44151469999504,486.680681064836,371.6587377305031,88.83340692362023,366.69205430603074,583.4244534687898,135.90856023122814,0.232949715122797,0.1758922002627764,0.1249609723002661,0.3768378597051798,0.2026618268054691,0.8736528634874147,0.0850372627806335,0.6688814335463141,1.016533076342259,0.1465122769641798,0.9705872321876066,1.3557473660924109,0.0109197994433624,0.0047937970274805,2.5409881324578247,1.1009239519535186,1.923589305416024,1.1485361932150515,3.161219587703239,4.060267835898658,1.270789675981839,23,17,6,0.7533873734543501,461.28619232897694,107.52650444608209,461.1148014955671,420.8506149586376,103.31149019829184,410.7487741559569,579.0511921573409,218.17193088849052,0.3767748583258394,0.2082110349892776,0.0730724000030687,0.4970133225343122,0.1639888572252625,0.8356433401202622,0.0896669297708047,0.5763156395694576,0.6761179738767209,0.1095172871020219,0.8576962304762252,1.2736417213787743,0.012940566348659,0.0059334164715485,2.36289325099702,0.6694077711174613,2.0708772217270903,0.8542161371053255,3.552907865757492,3.857704765687956,1.0693075586417953,-0.0501193731130938,-0.1415471577783408,-0.0914277846652469,9.575010767418805,18.549864660531284,8.974853893112481,-7.791355942750613,41.400521285383945,49.19187722813456,0.0033635256478148,0.0053842925531113,0.0020207669052965,0.0220428916715418,-0.1805201785391608,-0.2025630702107026,0.8797690041492602,1
S_00004,P_002,1.0.0,2.5,3.5,4.8,900,750,600,mouse,Android,Chrome,1920,1440,2.0,1313,936,60,55.98388048328479,16.552517655550854,24.116019422747197,32,19.604967248507727,0,0,45-54,Female,22,18,4,0.8273146248932306,463.8749484342276,100.08182900450014,447.5366859835657,424.80151021569776,91.24650320136314,408.558479540865,565.7219747900203,160.18828916603604,0.2831572685955735,0.1936105180029212,0.1073882864466303,0.4273540177838517,0.189838682936442,0.870573175340676,0.1057072066606251,0.5628948574394255,0.8600341536306157,0.1161881379147799,0.8982337127027709,1.228570715099612,0.0089535429310217,0.007778247826465,2.95296529930408,1.2632101193045957,1.904049694061359,0.9966359698969688,3.2641835661042378,3.580929453488272,1.276791925576852,26,21,5,0.8024514575672433,486.42739632218246,92.68464581419948,470.41906007360274,412.6180241283988,106.71634623579128,408.0174987702092,581.9077281877095,189.9809009341424,0.326479425743009,0.2625187762494219,0.1785386272790056,0.4740794674498446,0.2002028285642721,0.8520262781024317,0.0800428980212918,0.6186574518391902,0.8655539100847274,0.1552771809270817,0.7766691000938883,0.888233976097543,0.0097904265158061,0.0057325667219069,3.251495470451839,1.311351849649554,2.986144766177121,1.3486912992159397,3.1756863325487563,3.4088629311738488,1.166430889781931,23,16,7,0.6969006927601955,532.4301913291764,117.65287728476846,537.5190685874367,469.2248182250311,96.86410087003304,469.1487494766839,710.2161221756807,204.4954586628271,0.2879341263563187,0.2767628151790194,0.1388294202613948,0.5140213462557551,0.1958633528100768,0.79429332332982,0.0807046843817111,0.5825190011561552,0.7303345384538631,0.1787107214241992,0.8699750068215605,1.274954717907145,0.0141105285694595,0.0073039164142052,3.639496362209008,1.5570995920723365,2.1015535921837287,1.0603711516107506,3.1853782007314004,2.271893682236492,1.4320719597065663,-0.0248631673259872,-0.1304139321330351,-0.1055507648070478,22.552447887954884,68.55524289494883,46.00279500699395,-12.183486087298943,44.42330800933331,56.60679409663226,0.0008368835847843,0.0051569856384377,0.0043201020536534,-0.1720665223144228,-1.3090357712517795,-1.1369692489373566,-5.563420394220818,2
S_00005,P_002,1.0.0,2.5,3.5,4.8,900,750,600,mouse,Windows,Chrome,1440,1080,1.5,1047,1010,60,60.0,16.10085542790102,23.49609605640194,26,11.234249882033344,0,0,18-24,Male,23,19,4,0.8344047694267583,509.6946953354542,90.40068245026444,523.0101301711726,423.4441404600455,89.99875099242011,406.5982837552468,545.3206431211523,194.06850155527428,0.3558796168883683,0.2071153521585362,0.1414883336814054,0.49958905508,0.189088347666068,0.8366919222590736,0.0836762365271922,0.6573216686723509,0.7194305800106892,0.1490731752679739,0.8306672216920005,1.352839120802035,0.0080409852641444,0.0060296220856434,2.4967442420296613,1.1979916788767242,2.28239370070647,1.086582854022185,3.161993364657798,3.605893568716464,1.2529364152051277,29,23,6,0.7866757964014134,509.5379209044915,107.24218210872456,501.1899192632226,423.656813749814,113.81008930782912,424.7019438024441,574.0614803956686,172.93990420585294,0.3012567644961217,0.2018403824108704,0.1114343214629299,0.4439835950329753,0.19491014958191,0.838200266747527,0.0886732991929973,0.5664282072687084,0.924450354951104,0.1631120106609704,0.8272058324057012,1.0792684107059944,0.0136550176027398,0.0070041614482336,2.832080598757283,1.3496415209526338,2.4667046739961016,0.9424892218145852,3.3484765089256165,2.79242040385926,1.4228560941139616,25,19,6,0.7455088067262248,519.4583382872803,115.26951331018832,555.6071677742784,423.30150052833415,103.37927152476357,436.16709678545647,642.6132699294518,230.60226587243352,0.358850768671101,0.2235533414338411,0.1195744891332476,0.5023109654792008,0.2285460801849439,0.7742668779267747,0.0906522398305451,0.6547699136808495,0.7065588158993374,0.1391023730780348,0.7677287514729838,1.0396404895446725,0.0156912776531256,0.0070578475805684,3.0293466786664505,1.466319652729677,2.460832264167092,1.3773176225003838,3.389861869534462,2.586792924613703,1.303597920732816,-0.0477289730253449,-0.0888959627005335,-0.0411669896751886,-0.1567744309626846,9.763642951826114,9.920417382788798,0.2126732897685315,-0.1426399317113578,-0.3553132214798893,0.0056140323385954,0.0076502923889811,0.0020362600503857,-0.8134731648572044,-1.0191006441027612,-0.2056274792455568,-5.489901046414447,2
S_00006,P_002,1.0.0,2.5,3.5,4.8,900,750,600,touch,Windows,Chrome,1440,768,1.0,888,490,60,56.176380557941314,17.592644295086128,21.17284758216401,0,10.30419209843687,0,0,25-34,Female,25,20,5,0.7926708955898384,482.7335564743739,94.22490607924482,488.90813130761705,425.4692146505986,83.46933146515063,454.4225786217525,618.8454191082294,210.97870657394893,0.3409231127184784,0.1973721892607012,0.0982482889007215,0.4446555801403721,0.1912605907163118,0.8507239486098671,0.0773586444373441,0.6610378582713229,0.9739787433056531,0.1070969373167391,0.914018522653016,1.5719212699448997,0.0119564454699681,0.0065119273235877,3.1376754541963745,1.4929018505249645,1.7054247611759652,1.1602660134438996,3.141430407580579,4.294195755023645,1.2012619627776957,23,17,6,0.7361486526802365,509.6366283094455,107.04772696689244,522.6723370274173,422.7642841472706,107.4941705799029,426.6497845987098,527.2439315618714,184.4753448876822,0.3498861415838492,0.2054291126738375,0.1301382309398475,0.4695224663356968,0.1628720053928148,0.7982092586438986,0.0933131932118178,0.575923866339015,0.6336931873574831,0.1646819304452879,0.8541406343035706,1.097059410698098,0.0109232596547251,0.0076850603819705,3.5742169889835544,1.8463709536680668,2.530682822445612,1.2049285011008422,3.294960810483716,3.5733285540093056,1.3211506530356625,25,19,6,0.7494126238706527,514.7220761734436,109.20926507301093,521.9086237371233,463.73239627811154,117.98101540762396,469.2384821959032,604.3955438100548,205.8499456428909,0.3405881260229542,0.2431623445694297,0.156026122775923,0.429016780707679,0.1804509487747873,0.7820740987510834,0.0652889647327011,0.5128778789290589,0.6530591450275478,0.1613629566227486,0.8719823638505924,1.185223266171987,0.0129922843909057,0.0067922979444427,4.182146188535922,1.1746587339082712,2.3774537776516964,1.239097664703284,3.45076958264038,3.022076642237345,1.2253408540791448,-0.0565222429096018,-0.0432582717191857,0.0132639711904161,26.90307183507156,31.988519699069684,5.085447863998127,-2.7049305033280007,38.26318162751295,40.96811213084095,-0.0010331858152429,0.0010358389209376,0.0020690247361806,-0.7208672010143391,-1.2721191127863,-0.5512519117719608,-5.33619769039284,2
S_00007,P_002,1.0.0,2.5,3.5,4.8,900,750,600,mouse,Windows,Safari,1536,1440,1.0,1194,1110,60,47.18261026065656,16.598095235564045,19.531254390622056,30,20.422926378460005,0,0,35-44,Female,22,17,5,0.7704189715484268,443.8856947713231,102.22819167596272,443.01157980729135,409.8803451170972,90.4151776263172,406.5426203996417,568.762577682584,184.63503374954544,0.3246258473998739,0.2220772114654325,0.1048939239965267,0.3871646711084985,0.2173262718373922,0.8778174560386957,0.0784394517470476,0.5378427741352702,0.7997269526561342,0.1559081284113726,0.9893747971485916,1.416819432963809,0.0111715613435576,0.0059714375726332,3.2097782526209344,1.3130606980665696,1.927763725390407,1.5394363593053728,3.46777526031082,4.03873396479221,1.0915576694613465,23,18,5,0.7818125914071508,506.9377322581876,114.64300407853126,497.4071651152684,434.7058534659014,103.01179582072253,430.6163565698761,524.8020201709088,186.2228390744299,0.3548439829057517,0.2128132066495605,0.1116945447315616,0.5230372263477489,0.2318712707020761,0.8572473661793691,0.0911978161107398,0.6683658005101845,0.9198121821824036,0.1533473094223176,0.7570001846458507,1.1665488803206767,0.0130197152810728,0.0055619160773836,3.424718891226034,1.356967726072259,2.951552447102444,1.3085278948353976,3.32171681586372,3.368192483978189,1.2363170858483452,25,17,8,0.6991363795783473,501.613411718379,111.6372669213256,512.8048855681667,423.5992579613517,110.2063200701251,418.9040820421529,557.4936468130225,199.52825335084464,0.3579022908897191,0.2684510735445415,0.1584758386622885,0.5279578330552813,0.1980696280223912,0.7803620476140739,0.0778086936686004,0.5770647897000696,0.8725783938238891,0.1914379861164634,0.8695417561021355,1.1997074576224596,0.0127028275701449,0.0065454615972072,3.8600902138768816,1.33249698976574,2.4849158646857554,1.1802621921266954,3.4084063387884083,2.569293796243929,1.2764031542782317,0.011393619858724,-0.0712825919700794,-0.0826762118288034,63.05203748686449,57.72771694705591,-5.324320539808582,24.825508348804192,13.718912844254533,-11.10659550454966,0.0018481539375151,0.0015312662265872,-0.0003168877109279,-0.6705414808140211,-1.4694401685482807,-0.7988986877342596,-5.353265176973191,2
S_00008,P_003,1.0.0,2.5,3.5,4.8,900,750,600,touch,macOS,Chrome,1440,864,1.0,1348,572,60,60.0,12.506691102058936,12.921155642331405,2,18.374659679460013,0,0,55-64,Female,29,26,3,0.8841383415103623,348.9527112649991,79.27513102930523,327.54043200973155,360.23125532245336,75.82066785527046,337.3705327536797,480.6713120419096,174.13320600475055,0.3622708525395997,0.1537897082153987,0.1063916106599019,0.3985051424572432,0.2273475277263298,0.9213700302884272,0.0648125817699749,0.8133680769578765,1.0199481725077555,0.0939754504809549,1.0947498244975524,1.449412662663225,0.0087949092856656,0.0052025079288142,2.166599145506442,1.1226977208770208,0.8131712736628529,1.0115929397642498,3.052697087025455,4.23151882315966,0.9695167194635408,31,27,4,0.8672445291266546,377.9737083026303,94.53348193083336,398.10633579819387,336.3446468372518,79.82918857612763,336.90369408132386,513.1863853101011,144.70944635988116,0.281982239790789,0.1881413347575931,0.105030501505673,0.3487825206786009,0.1245986253310384,0.880097932932945,0.069675553891626,0.7297471777653519,0.9763892829817258,0.1202816509291827,1.0674832019944855,1.250817466856852,0.0078190880245467,0.0040951988490615,2.387532561731751,1.2866940171190802,1.4448595220026244,0.3779384372104123,3.064401070608444,4.084760667626849,0.8946190729180611,27,22,5,0.8084825327166485,420.3177041463761,104.4799439538368,430.45796373159664,355.9371626231921,96.53918596375534,374.3648674623055,549.8653450336477,177.76613836012834,0.3232903109201224,0.1953068314101052,0.1355359762819643,0.4114746849191166,0.2049764175494606,0.8430356898069694,0.0591150626197872,0.6974141624938249,0.8182647384555728,0.117135337182709,0.987940060306189,1.4212773736037076,0.0102837938635165,0.0061759278519953,3.062968998072722,1.324964892702449,1.979085375612194,1.150964148459483,3.201880235803891,3.773056228585492,0.8482276175938294,-0.0168938123837076,-0.0756558087937138,-0.0587619964100061,29.02099703763116,71.36499288137702,42.34399584374586,-23.886608485201577,-4.2940926992612845,19.592515785940293,-0.0009758212611189,0.0014888845778509,0.0024647058389698,-0.1467581555328108,-0.458462594574168,-0.3117044390413572,5.105300802010459,0
S_00009,P_003,1.0.0,2.5,3.5,4.8,900,750,600,mouse,Windows,Chrome,1366,768,2.0,1067,592,60,54.15140101789811,16.755461340151527,22.98260120402203,26,20.63610008261643,1,0,unknown,Male,30,28,2,0.9265242187370312,378.474783654578,89.28857506566057,371.1132830196707,348.89453041621266,81.07281196695045,353.16291020306505,492.7415609382405,104.33721944588378,0.2117483640860594,0.1642499848950518,0.0314265902739382,0.3370857913343052,0.1734302187970535,0.9129583165779852,0.0605731355877176,0.7268155107931175,1.1412804294268133,0.0947142441467803,1.1850301879770395,1.5347422100005876,0.0090515389431452,0.0068366167374103,2.1062304837155543,0.8434796716441787,1.3769529339475604,0.875839203598736,2.995288752169765,4.632742432506888,0.8716325367371388,22,19,3,0.8862758923001395,398.04983718933306,85.93505739593638,399.6425661486717,350.3508456191496,89.6924523088118,362.34739236318217,468.5315498038402,176.86632331471336,0.3774907439824743,0.1663455327232562,0.0760580049262964,0.4201040748379609,0.1736622428988876,0.8487934246875151,0.074492240543753,0.7691997675084831,1.0641261417132346,0.1290344764534618,0.8997269292424781,1.2993829524919074,0.0091855550386177,0.004736952180187,2.642041881006077,1.339803369917185,2.1281821858359558,1.1459229251379353,3.303539872755473,4.485735714535395,1.0979847816043908,27,22,5,0.8050680852218628,450.5783686316063,95.92316222090948,461.5176726772112,366.2989439343091,98.02922173316352,366.2630244399096,549.6944661359765,186.74732371670825,0.3397293136848007,0.1916954409093986,0.11951981005083,0.4427549716602195,0.1396985850400043,0.8754538256563741,0.0671899759515477,0.6086658457278052,0.7332606005774489,0.1123739435646674,0.960677898414858,1.2696003225829224,0.0107742367263625,0.0058394443043941,2.757769781715268,1.1071580419111962,1.9588197066544557,1.006188284437202,3.167806998733384,3.7427302691836144,0.6559298411633332,-0.0402483264368916,-0.1214561335151683,-0.0812078070782766,19.575053534755117,72.10358497702833,52.52853144227322,1.4563152029369348,17.40441351809642,15.948098315159484,0.0001340160954724,0.0017226977832172,0.0015886816877447,-0.1470067179714922,-0.8900121633232732,-0.7430054453517809,4.911010502131731,0
S_00010,P_003,1.0.0,2.5,3.5,4.8,900,750,600,mouse,Windows,Chrome,1536,900,1.5,1093,847,60,56.01387524126184,17.910322225091473,22.326569313118533,12,19.191644091339903,0,0,65+,Female,26,23,3,0.879533332501637,352.9518788852564,78.10403760971676,344.812961935877,306.7115186642063,82.4243685689117,321.612585010747,474.884290669345,150.25272365602154,0.3163985977389181,0.2061186175760011,0.0772643633394745,0.4337817898944677,0.1678075247296274,0.9110074236854964,0.0735888173588229,0.7829936351102341,1.014551422586792,0.133891680079031,0.99399363765486,1.513828823481747,0.0075145169646686,0.0051802819760928,1.639588654829778,1.1391115085683228,1.8538046983250072,0.8706088374099433,3.1704671451944137,4.322493999943362,0.951686175341268,28,23,5,0.8126192084508207,375.61007968167496,90.219626593814,355.824881715554,403.0082392368243,80.23158989938554,385.784637357079,514.5580279387624,158.33929263621576,0.3077190210606523,0.1838679037093458,0.106049006123481,0.4109332246681303,0.1566440131933484,0.8508217921292002,0.0569690861997201,0.7634195383645338,0.980215527554248,0.1048888984567585,0.9965420116212113,1.4657818495585553,0.0099516135595277,0.0045844788858531,2.798890858005445,1.3639438650951452,1.7486339078439028,1.0808127756429322,3.506293999522072,4.748144697758715,1.0781949499410075,24,20,4,0.8185928534428616,403.7985874859696,102.21112347981762,424.1357970528679,359.63203290973314,103.55279112241745,349.54939095740275,590.8856312637099,172.93289158210203,0.2926672818431132,0.1767710378492874,0.100001932508475,0.4352822918169809,0.166390450776682,0.8686575949003112,0.0687926339749064,0.7073590177906187,0.838723759858466,0.1422170220107581,0.955164216263585,1.1926922155209074,0.0109673236017259,0.0050563580759788,2.5283116240110277,1.4023750129523551,1.816733110554683,0.8373008513386465,3.169382356358479,3.5476373638243186,0.9466190597056612,-0.0669141240508163,-0.0609404790587754,0.0059736449920408,22.658200796418555,50.84670860071316,28.1885078042946,96.29672057261796,52.92051424552682,-43.376206327091154,0.0024370965948591,0.0034528066370572,0.0010157100421981,0.4256506978153531,-0.774856636119043,-1.200507333934396,4.312937550816157,0
S_00011,P_003,1.0.0,2.5,3.5,4.8,900,750,600,mouse,Windows,Chrome,1366,768,1.0,1008,659,60,55.30852317025184,16.922407104574997,22.93379585943937,20,30.312770018299155,0,0,25-34,Female,23,21,2,0.9227647075785552,389.86216417605135,91.91138031227176,385.77248522456944,322.715878260039,85.95063049790167,321.38852078909485,491.0974932982922,173.40948318140917,0.3531060238502997,0.1136129166263293,0.0800665560615626,0.361228366138277,0.1611550265133779,0.8922774774075483,0.0591368632546465,0.6970611405254423,0.8437601391026139,0.1575687213062719,1.13402073901853,1.4222583263658326,0.0082966490110152,0.0042718079760494,1.4314562159762858,1.060826357365836,1.211150391645644,0.8961816896532536,2.9599691226434786,4.35085255355014,1.03544586028108,23,20,3,0.8608451334174914,419.69751736281256,79.64620785912074,406.87723141077913,338.9413048636597,91.43095910276008,339.06896898307804,466.877036194157,158.57221402984774,0.3396444925252297,0.1879376340384064,0.120679547074246,0.4106108420061756,0.1990558172767751,0.8935198562226,0.0716435785683795,0.7538251327478309,1.2358803509704133,0.1596299314804146,0.8919388110186548,1.1029588443450822,0.0122694021265761,0.0043627309224,1.9056919279497209,0.9869635685077314,1.8165739994612276,0.8926724546634363,3.222415456939161,4.021569252355151,0.9063012363237491,24,21,3,0.8609078318022552,449.49849517390106,105.50419216761496,456.83465719568494,379.92640525197567,88.8596639349388,411.7469052710061,499.62027397220976,152.55589939885962,0.3053436926927933,0.1602346836380989,0.084513059978792,0.479189149310957,0.1675315161106669,0.8663809160492923,0.0783199455013858,0.7144469834267416,0.8563393439901926,0.1472992585486074,0.987908799061434,1.25141170522638,0.0125213345023996,0.0059871997318125,2.5428873328143595,0.8596487081933417,1.58126748704937,0.930452904369948,3.533051480318397,3.48815957329846,1.0171395971845705,-0.0619195741610638,-0.0618568757763,6.269838476380407e-05,29.83535318676121,59.63633099784971,29.8009778110885,16.22542660362069,57.21052699193666,40.98510038831597,0.0039727531155609,0.0042246854913844,0.0002519323758234,-0.3292833011949883,-0.8626929802516798,-0.5334096790566916,4.517315118485268,0
S_00012,P_004,1.0.0,2.5,3.5,4.8,900,750,600,mouse,Windows,Edge,1440,768,2.0,1300,619,60,60.0,19.02974562490885,25.23370550306212,12,16.727103729258193,1,0,25-34,Male,23,21,2,0.8932457282445779,339.29594322103014,85.36396787666462,339.87401714868133,346.04900694445763,72.47654836696995,334.05697095476376,469.2495206822306,155.68868551477595,0.3317823005731021,0.138560877590626,0.0973448437404516,0.3732070746039985,0.1416148781945675,0.9257375999544102,0.0756705003015252,0.8163336527793451,1.2507695312494624,0.1273229165162093,1.032073769253144,1.4380316170182703,0.006898201015261,0.0049401563406887,1.6018609375543695,1.3073742667420432,1.3675099573899714,0.7939143280652403,3.3790427857784566,4.075790513143999,0.6354047644563314,24,21,3,0.8748215273483382,385.2692189809689,74.55684141919325,385.6177246437244,372.3262343138642,88.92800515496022,370.2897557721505,474.4731643750354,149.83342259057156,0.3157890347453654,0.1229200729532245,0.1034888289099065,0.4200365342374222,0.126823633948071,0.8752676314166388,0.0575933639234074,0.7083883582936286,0.9648061535122564,0.0686479773917138,1.0713188282275778,1.53439708871763,0.0086569481670929,0.0024360925145896,1.6831932668009593,1.2299405917353723,0.6050022280685107,0.7680154712474209,3.1429998832299115,4.757105512127085,0.8362530608646056,26,22,4,0.8277260945268855,425.94457195367727,108.0578169635818,428.9887011088079,368.4769334982896,78.65396436357383,354.19197073876467,496.02224154621047,163.74070290729628,0.3301075822666348,0.1896590748402407,0.0670783335846863,0.4261351418508347,0.1776853459499835,0.861554645732721,0.0532790346039544,0.7094654533175838,1.0485089216751229,0.0891762451721651,0.9120862765753436,1.3935678171875714,0.0110787452004442,0.0053287726067009,3.1535586402512403,1.0770707606160734,1.881766915417036,1.37966925912979,3.451929316286426,3.70424693930592,1.0016896134231947,-0.0184242008962397,-0.0655196337176924,-0.0470954328214526,45.97327575993876,86.64862873264713,40.67535297270837,26.277227369406603,22.42792655383198,-3.8493008155746224,0.0017587471518319,0.0041805441851832,0.0024217970333512,0.681314998983086,-0.3715435738380792,-1.0528585728211652,6.9601584517657855,0
S_00013,P_004,1.0.0,2.5,3.5,4.8,900,750,600,mouse,Windows,Safari,1440,864,1.25,1347,530,60,51.33857309298962,17.14170969687733,22.38306535792384,33,24.67363723148696,0,0,18-24,Female,31,28,3,0.897412757073772,350.63218462449925,76.47442300054944,336.8875130083807,278.07175661759067,83.49350061338957,282.6279949193014,480.67754881241615,127.34049424091047,0.2649187476209856,0.1750632471248356,0.1239064497286687,0.4067752168229647,0.1286986550093604,0.9280917956334742,0.0735454261389727,0.7037614355424466,0.9508457494899488,0.1062844403058964,1.0939565165414642,1.4705457215837925,0.0083362221777941,0.0064232989185146,2.3551948323473657,0.4165265144957638,1.1796121966794768,0.8095229234304442,2.9371852140909547,4.858506319265732,1.1297667948008103,29,25,4,0.8778149844348214,358.0856646432828,80.1215790731782,335.9247601307323,322.88478227953385,86.2952001221775,345.3393996722657,556.665490961899,165.28509958852092,0.2969199676863638,0.1628406289348416,0.1105046807252291,0.3536929181820282,0.1826443653602844,0.8810296787022246,0.0674561801121312,0.7294422171508007,0.9097640488213306,0.1248871627577994,1.0429447268811392,1.490706948091595,0.0090861830182947,0.0054628873373387,1.9372417708130785,1.4358838735342223,0.9844646382016318,1.0946405936518313,3.525186117608146,4.167286666796465,1.2768441705226306,22,18,4,0.8401876647624847,438.05972674626656,93.92105275882264,441.31811911954674,358.2477621409782,93.92174498064864,341.4335268405714,530.6303739382279,158.97365854686407,0.2995939666381982,0.2075791670355465,0.117416765453127,0.440227286903896,0.1739037286557309,0.849290811608997,0.0602069835913098,0.669615326367036,0.7233597365520931,0.1321327227561502,0.9781898325479822,1.2621916768685255,0.0063059468160055,0.0037023700565673,2.8811175289443605,0.8570123052396863,1.8090212664278336,0.5643160429441831,3.699805822353885,3.923132567865286,0.9859591884117648,-0.0195977726389505,-0.0572250923112872,-0.0376273196723366,7.45348001878358,87.42754212176732,79.97406210298374,44.81302566194319,80.17600552338752,35.36297986144433,0.0007499608405005,-0.0020302753617886,-0.0027802362022892,-0.6912196524692673,-0.935373751400446,-0.2441540989311788,5.9816442425088185,0
S_00014,P_005,1.0.0,2.5,3.5,4.8,900,750,600,mouse,iOS,Chrome,2560,864,2.0,1962,536,60,57.54949124238268,16.269511709993054,26.67105546212018,18,19.11474064933298,1,0,25-34,Female,27,22,5,0.8169158266962612,515.3219223604007,95.42810495439528,535.7257978547406,402.193904314067,83.43442440453683,400.880080000702,637.9727954351051,183.3776406487252,0.2874380255096291,0.1819494597584375,0.1476232940634387,0.4779930366412812,0.2533584782746385,0.8036994868364143,0.0918124756090729,0.6595386209467093,0.9635360219082952,0.1627047647404582,0.8008283942410228,1.2003199250396124,0.0143102646224307,0.0067624388446137,4.05157104601782,1.2397844293241893,2.684472973602704,1.2715369671832382,3.107556036771184,3.4581949975641635,1.24240775162614,26,19,7,0.7131081896164494,529.475141270048,102.88734255209155,524.6331793086492,428.73492247474456,109.2712174919803,442.9126712898904,602.775936129989,186.2098263293696,0.308920471385927,0.2716606894826913,0.1580443021824615,0.4945249924639275,0.2214128920915241,0.7666983981482116,0.0952879157386557,0.6441216958097192,0.91000327657804,0.1647967666535164,0.801176470224305,1.285517256721457,0.0113476502876781,0.0058895986817154,4.024464130888998,1.3714097203217952,3.159570160419217,1.172753896548928,3.0298203896430325,2.6623299730327408,0.9233373715813866,26,18,8,0.6822077056043702,560.5039420658417,128.55028394730277,542.5261445180913,477.0288638906696,94.69785196823705,469.6214849247625,674.8338661731243,216.61975100495147,0.3209971548010293,0.2893873498913568,0.1281419413409089,0.5857396681258136,0.1922499482072923,0.7910267036388225,0.0788457746909313,0.4567327525559786,0.8886969901630191,0.1746205068101127,0.7806020660086473,1.1661453743165342,0.0158264130930127,0.0089357754884391,4.173684084593779,1.158237411188603,2.7709905541677315,1.3460271202663117,3.543326365954376,2.0656644563457363,1.2271373966147427,-0.1038076370798117,-0.134708121091891,-0.0309004840120792,14.153218909647308,45.18201970544101,31.0288007957937,26.541018160677535,74.83495957660261,48.29394141592508,-0.0029626143347525,0.0015161484705819,0.0044787628053345,-0.7958650245314227,-1.3925305412184272,-0.5966655166870045,-8.8538853212937,3
S_00015,P_005,1.0.0,2.5,3.5,4.8,900,750,600,mouse,iOS,Chrome,2560,1080,1.25,2283,905,60,51.35694757370237,18.93824262198049,24.50081124771404,31,18.74776122477561,0,0,55-64,Male,22,16,6,0.7309039001096702,546.4161493376647,109.20516889741327,541.2935190546127,454.08217330587615,90.14292996818214,469.23084489216217,625.853101443194,206.8786966854986,0.3305547199629498,0.1986102183577718,0.1688438421151195,0.5395472811968052,0.2188687929949637,0.8281100841418969,0.0939339644505659,0.5263144479598043,0.5818048257628261,0.1150424443507104,0.8063470534903294,1.0085978143316632,0.0135096392844036,0.0067100232726842,3.5035379869345284,1.5845255651719563,2.6293596047365053,1.3900640284920995,3.267880762846939,3.5361010231194205,1.4502599475324265,26,20,6,0.783849895281574,543.0980873311416,116.52517632992064,526.1077400233478,500.6317448547087,96.3976150128786,504.3800101545791,696.357514653074,211.06816946730197,0.3031031690272723,0.2647992264082274,0.1575756166503948,0.5103445932669436,0.2276936917808944,0.7880585517216784,0.1005388690490995,0.5062126932294,0.6748441098101801,0.1845718979967167,0.9143505727936394,0.997802576894728,0.0158789498381937,0.0073362754373354,4.538486899175779,1.6286045998564518,3.2567891951899384,1.5495711441949158,3.348863167665228,3.4600219478507706,1.0628251448248582,22,15,7,0.6903687136903875,629.5340154508933,115.4056493008118,641.9955636749734,506.9597145508434,115.83542109293548,503.5628914947235,719.5813069302686,193.3686781597732,0.2687238763673327,0.3049703472129781,0.1620949487182465,0.5403451652044394,0.1925070058313901,0.7703670075889054,0.0768235767492336,0.4937024584855837,0.5646497582288247,0.1913984687714374,0.6610116287916057,1.1864423508856885,0.0167649482983879,0.0074023269648087,4.432884789779597,1.8738696589418125,3.4351218537314674,1.2373438325885275,3.448533037005323,2.023291665200902,1.472740959020891,0.0529459951719037,-0.0405351864192826,-0.0934811815911864,-3.318062006523064,83.11786611322862,86.43592811975168,46.54957154883255,52.87754124496723,6.327969696134687,0.0023693105537901,0.0032553090139843,0.0008859984601941,-0.0760790752686499,-1.512809357918519,-1.436730282649869,-12.230647701497764,3
S_00016,P_005,1.0.0,2.5,3.5,4.8,900,750,600,mouse,iOS,Safari,1440,768,1.5,1326,725,60,49.49932223137847,20.656575401846123,30.23074432272037,18,15.622727690520602,0,1,25-34,Female,29,22,7,0.7724979616404847,523.0830746700424,121.81814605858874,517.6151991001503,453.0742082469771,101.88310934991712,471.0822410803592,603.6601013066585,187.79766653830845,0.3110983583838142,0.2762980897129341,0.1550297144938045,0.5348459744029709,0.2170534582543224,0.8132292777497064,0.102495936134339,0.5523737007584208,0.7381963401721939,0.1363692173115052,0.6141646562467753,0.8843830321553616,0.0129083882751383,0.0088012011312572,4.087385114961161,2.153119133120827,2.474180179247712,1.3993750030786156,3.0308070464741497,3.2406051711493857,1.4798612883377371,25,17,8,0.6675594027735726,593.3799998543628,135.13315085397036,600.1815743298918,493.7906673371068,118.32728646962482,495.7581093374308,643.2158491802832,173.72879067783924,0.2700940763497042,0.2825494878552306,0.1655564141169761,0.5032590490814632,0.2303517165171079,0.7725967193965453,0.0986256298446217,0.5090354285592191,0.5984295392003578,0.2007660880330292,0.5830630570239413,0.8336578457706518,0.0188663975222552,0.0095183438772201,4.552733977902569,1.4900917800152973,3.016712865778884,1.3733034302537948,3.32562848485094,3.021490814914236,1.454023490224028,26,17,9,0.6366611819506008,607.3465783806413,135.4268835876718,627.871592843908,513.5033999702111,111.76988149445488,512.1671948174338,682.7472944415464,246.4257417082856,0.3609325788831571,0.3044613365511361,0.1415837189960098,0.578376404971519,0.2123267451863128,0.7399303991051183,0.1070480813568482,0.4131334997672769,0.7702761977260315,0.1807295810812861,0.5965748297608343,0.8481191957286179,0.0167735201086228,0.0094901806711255,5.093210898348513,2.020186613917955,4.101787818958628,1.1525049609501874,3.4945628690990933,2.1496255294581217,1.3420074781744151,-0.104938558866912,-0.1358367796898838,-0.0308982208229717,70.29692518432046,84.26350371059891,13.966578526278454,40.71645909012972,60.429191723234055,19.712732633104338,0.0059580092471169,0.0038651318334845,-0.0020928774136324,-0.2191143562351496,-1.090979641691264,-0.8718652854561144,-15.289226278527362,3
S_00017,P_005,1.0.0,2.5,3.5,4.8,900,750,600,pen,Windows,Chrome,1536,1080,1.0,1161,802,60,48.91640790806797,15.504492925164971,29.933199835454147,32,18.49169329421363,0,0,35-44,Female,28,23,5,0.8220961316941963,566.7432172693946,111.84907047007944,603.2888522181044,435.2166921566183,107.370535582541,420.66208785594046,664.2487342131124,167.74814220964447,0.252538143574129,0.2492877206227906,0.1824814206540136,0.4545921656812428,0.2220130260168903,0.8222201734796365,0.0980779123137101,0.4387074419325195,0.649623668723672,0.1556250077192545,0.7287793500598817,0.9942586362461212,0.0135525934025733,0.0080688495338707,4.252970913340312,1.5608258106722173,2.7313832295984763,1.3347541800835547,2.911862611115723,3.5902055199459766,1.4161989078642192,28,21,7,0.7374162795879222,594.5317066629268,101.46303392179156,624.1392147108113,481.3610886362693,107.8115116887139,479.3189653179661,633.2533431798521,213.59364235686527,0.3372957200420211,0.279909451346355,0.1718507622033856,0.5145173788965727,0.180017328572067,0.8081280496742099,0.1133028448243534,0.5335434553017786,0.6779863640176778,0.1876470041977102,0.7693814979355257,1.3532039351053884,0.0141029467460935,0.0078821012316736,4.61489789180981,1.6331931775311823,2.6990796274934943,1.3992066294380037,3.4067992450722757,3.094030239132567,1.4492211115096547,26,19,7,0.7231738418614772,580.7960443802483,120.5869920600673,580.6312616773354,522.1640922838168,104.08946116898574,537.887653281002,610.9072930401726,220.5187656220654,0.3609692798471213,0.2634905581424017,0.1544801141239967,0.5667835783454613,0.2093402619086981,0.7645689659683347,0.0980921790846603,0.4939212504574015,0.8009366185391625,0.1767324424008629,0.6563387956401929,1.1629003052982672,0.0176471769378166,0.0067115937584666,4.906236295820981,1.4047890387563031,3.7040318290971785,1.521103140400868,3.52748282138776,2.626274720619384,1.3849285340285502,-0.084679852106274,-0.0989222898327191,-0.014242437726445,27.788489393532245,14.05282711085374,-13.735662282678504,46.14439647965099,86.94740012719848,40.80300364754749,0.0005503533435202,0.0040945835352433,0.003544230191723,-0.4961752808134094,-0.9639307993265924,-0.467755518513183,-12.294305220749415,3
S_00018,P_006,1.0.0,2.5,3.5,4.8,900,750,600,mouse,macOS,Chrome,1440,864,1.5,966,717,60,51.91903630004653,14.611054507747651,15.125868573423146,2,22.578972734093178,0,0,25-34,Male,23,17,6,0.7404064954839078,494.6213153401547,92.81700735464538,491.626790071482,379.7406249117764,98.40325394791924,367.44647280665606,549.2161307905848,159.93438906402815,0.2912048282955674,0.1708559947193696,0.1373226996987426,0.4478541227320443,0.1716305821332851,0.8550839195558742,0.0868257813714766,0.5556093205467535,0.7390606318698998,0.1640770611588385,0.8789507341616344,1.2094468249368608,0.0131937545657219,0.0059716365626255,3.40573200359943,1.455974169899756,2.225323306956537,1.2569739450433304,3.0829349818033327,3.7289254988799896,1.3526610935815406,22,17,5,0.7943524581133514,435.7620970069198,102.39709298567412,420.3818764930535,425.6189488505052,88.33090029234215,438.7437935911052,636.5691270718373,160.1656598269551,0.2516076463898009,0.2545562775896096,0.1415489283994004,0.4475300808472194,0.1909886689341924,0.8016790576075978,0.0999877371987083,0.616017508967157,0.6597181729020314,0.1465791280098595,0.7463221517346694,1.290348647003575,0.0114399483608349,0.0087367776236973,3.6194660675018415,1.1941228225264446,2.3430920043033723,1.0095585096981563,3.1288072396976743,3.22367765206398,1.0856949452480704,30,19,11,0.6358323007459021,535.2609993695344,101.10263561878006,546.5434123905471,442.4826255834868,101.29065957589197,418.47106836440497,635.4018308015505,209.06879292011467,0.3290339794211441,0.2210484896435234,0.1295717077075077,0.5143610196587378,0.1821603921219861,0.8073848012999905,0.0792985193311128,0.5240778116857564,0.7037516148886893,0.1743373835678845,0.7209108430688891,1.0302767990082484,0.0147509019003576,0.006398160761621,4.154821510707463,1.474187378769947,2.765690075930205,1.083790611159455,3.603481604578,2.615946265823385,1.2238776846779562,0.0539459626294436,-0.1045741947380056,-0.1585201573674493,-58.85921833323488,40.63968402937968,99.49890236261456,45.878323938728784,62.74200067171046,16.863676732981673,-0.0017538062048869,0.0015571473346357,0.0033109535395226,-0.5052478468160095,-1.1129792330566044,-0.6077313862405949,-6.135655968445944,2
S_00019,P_006,1.0.0,2.5,3.5,4.8,900,750,600,mouse,Windows,Chrome,1920,1080,1.25,1589,689,60,56.08636579114312,18.537337048934614,25.04921228455399,43,18.93730318718155,0,0,45-54,Male,25,19,6,0.7476376155107584,506.3285456156396,107.12265608963936,502.85363895209184,436.7237248271362,95.91099709176812,432.0195935787471,594.434659866829,177.76700469958118,0.2990522200361033,0.2076637734191156,0.1898031923036439,0.4574817505800062,0.1922025857653969,0.8503999864872935,0.0952786141468529,0.5276798626682607,0.9124012532159094,0.143636248480789,0.7446341233958709,1.272951740548952,0.0134905273561748,0.0060114650074423,4.20407803567629,1.586960873551296,2.434944665007629,1.5094448110328988,3.2238946675744464,3.505837003058209,1.1923560325052447,27,21,6,0.760743007658243,520.92742346066,102.44017916296204,518.9784756481688,437.02433925732015,90.54026144524867,454.6860874732104,627.5807182278562,152.11178026507895,0.2423780333701259,0.2403884205209337,0.1359584788327292,0.5282876781820087,0.1956507758047282,0.8309094743033294,0.0887909315815249,0.5736068477230842,0.9120272314334904,0.1482690256613141,0.8621581419758595,1.063103460409887,0.0141939032626181,0.0081986467221781,3.997219896289334,1.8384903752251396,2.3889717045019454,0.9155711996388254,3.170849733725732,3.386820977636573,1.36608949004895,26,18,8,0.692112618427946,525.2864937357389,123.09500834053534,543.657065400497,490.2993066201009,132.26756338024123,485.9018928612423,661.0091347175353,200.1472084574209,0.3027903820768657,0.2246759435599722,0.1334657527272012,0.480853422742649,0.1765800484595054,0.8193669888582045,0.0954886951741605,0.5459038190794763,0.7588211352559263,0.170462718338937,0.8189178478177247,1.1640672800134424,0.0161880549058176,0.0070800027015452,3.924343743280381,1.1738185667576848,2.270678780985005,1.139088669695263,3.492474503798985,2.2135205664965434,1.2862298201533482,0.0131053921474846,-0.0555249970828123,-0.0686303892302969,14.598877845020354,18.957948120099275,4.3590702750789205,0.3006144301839413,53.57558179296467,53.27496736278073,0.0007033759064433,0.0026975275496428,0.0019941516431995,-0.1190160254216357,-1.2923164365616655,-1.1733004111400298,-8.11198020904618,3
S_00020,P_006,1.0.0,2.5,3.5,4.8,900,750,600,touch,Android,Chrome,2560,900,1.25,1616,547,60,49.2316254180012,19.184814450720943,27.51603332769364,22,19.62828527791639,0,0,55-64,Female,25,20,5,0.7951621616173973,516.9416998701737,109.85399582408004,529.0095993235459,381.8304805377463,107.65787377703396,378.7505757691992,524.4300619633705,168.6238280334397,0.3215373035675012,0.2340997268308373,0.140181290699636,0.4561878120650139,0.2337924645285531,0.820392016088883,0.0849058800835985,0.6074700144632379,0.9043246063097038,0.1557016880091085,0.884912526508357,1.2646993196105845,0.013311558640637,0.0070295321067996,3.5271982775749704,1.4792551092336654,2.5089001238030573,1.347819166433756,3.283271852291725,3.5284387163437154,1.171942307176048,26,19,7,0.7494838520817939,526.1540214622115,126.53961611827016,534.0106131403301,447.4391418576684,109.85762746687192,446.2631188884757,690.2616474767605,185.66053111574823,0.2689712398109138,0.2431440254298417,0.1297987124244342,0.4790039125902889,0.210753505530227,0.8342638402627138,0.0960783620013826,0.6298564331775613,0.8684605959064408,0.1511314567255137,0.9804048208980878,1.3895404683143924,0.0126982604132615,0.0065944776038666,3.365046990467748,1.645062144394296,2.515057495189374,1.2187837000485011,3.31047369883426,3.408985108107979,1.166299590984601,24,16,8,0.6606572170443757,559.7319146464214,121.8950879387461,554.7439299499567,451.5042868932146,114.92980966564868,460.4306180183622,622.9832157382112,193.5718176208904,0.3107175486124697,0.2872854079564814,0.1584432581428408,0.532299455914954,0.2307190557451428,0.8407907439813338,0.0757951526220453,0.4889818616669691,0.6650408515660263,0.15715843487464,0.6746950360562708,0.979747076447966,0.0135925771592952,0.0076237837336521,4.09079828485173,1.5539540061756696,3.0226892185488223,1.3139125756025392,3.427988659476417,3.4033629562504357,1.3284758723895187,-0.0456783095356033,-0.1345049445730215,-0.0888266350374181,9.212321592037824,42.790214776247694,33.57789318420987,65.60866131992208,69.67380635546834,4.065145035546266,-0.0006132982273754,0.0002810185186582,0.0008943167460337,-0.1194536082357364,-0.1250757600932801,-0.0056221518575436,-8.227358095893715,3
S_00021,P_007,1.0.0,2.5,3.5,4.8,900,750,600,mouse,macOS,Chrome,1366,1440,1.5,1238,932,60,52.65787151050271,18.79796574815382,26.976260832492827,50,17.413559072347383,0,0,25-34,Male,24,20,4,0.8256588014816927,422.94373215713625,91.95393552162308,413.8718584188777,387.14103309635954,83.62724647797614,392.61490744974384,541.4556252374142,171.00397674527684,0.3158226986196626,0.1749985973330503,0.1382629402048088,0.4542977015656499,0.2082887999786588,0.9118838121361684,0.0725633739461483,0.6908746278046839,0.9422279513989232,0.1204935992948352,0.8922762422998635,1.0194419418152028,0.010384526235592,0.0053543978737263,2.720324865591038,1.065741998315083,1.531479262883832,1.0652727020665198,3.2226382290209745,4.305036162476885,1.446292594953784,25,20,5,0.8081635428756523,463.4922561730594,88.60704470180409,482.795867781105,418.1804979328088,84.59419002672772,430.7078267904325,548.7692144211342,172.4884167984532,0.3143186830923115,0.1836324758693622,0.1163556062912233,0.4797914128604739,0.1663351984888494,0.8244439443144485,0.0906534715417406,0.6847945629349602,0.8603323284571208,0.102811730342947,0.8556010117218736,1.1973953461944828,0.0131940152013742,0.0050861715584046,2.892119520687398,1.3595796386338337,1.3269965646005586,1.2251702635789203,3.1426324141690345,3.858485895224486,1.155415502432752,24,18,6,0.758972588366133,424.7329497032066,99.14930135549476,422.6598727629074,411.3243112749464,104.00291410424832,401.8519126069099,604.2334874387521,187.02717886079705,0.3095279933152579,0.1893558657758184,0.113345445688389,0.4800011857751394,0.1606461256144758,0.8321428886042035,0.0903114683054157,0.6255230661528506,0.7431766501103381,0.1252933034112493,0.9987578877714988,1.266777218817242,0.010109292231855,0.0073580009215845,3.2592697099094576,1.4455388044463988,2.3704643692029443,1.110124857233574,3.5384513871571777,3.4944083816869087,1.4600275972745551,-0.0174952586060403,-0.0666862131155596,-0.0491909545095192,40.548524015923135,1.789217546070347,-38.75930646985279,31.03946483644927,24.183278178586814,-6.856186657862452,0.0028094889657822,-0.0002752340037369,-0.0030847229695192,-0.4465502672523986,-0.810627780789976,-0.3640775135375773,-0.9577570163428779,1
S_00022,P_007,1.0.0,2.5,3.5,4.8,900,750,600,touch,Windows,Chrome,1536,1080,1.0,1013,674,60,60.0,19.289888890376258,28.073116089029877,13,34.73510462181838,0,0,18-24,Male,29,25,4,0.8665528875218583,446.1490103588028,86.40108663015607,426.7835745310408,348.5517688325306,88.6465225818894,345.20087018532786,549.3778627587706,155.28021044462977,0.2826473743679268,0.1788046545470632,0.1199148189298592,0.3965277567698971,0.1806878066353519,0.9358054845386662,0.0735901107074747,0.7506206036152289,1.151554077719562,0.1353932258757439,0.9878793479560638,0.995387653399668,0.0100338702536585,0.0034099337542198,2.928560501366535,1.1597763768072356,1.914606212383056,0.7639889742902275,2.967123879004992,4.574871561726854,1.0393706859330163,26,21,5,0.8246033181023206,423.88101278889417,114.43356726468726,411.3631295783583,385.3133326951977,94.78675923517018,367.55978696897137,518.8178920906197,135.61970057751435,0.2614013561309991,0.1831105177251673,0.1288228744567884,0.3940823086602644,0.1690608412470717,0.8532823647546662,0.0913143726468604,0.7371202097428946,1.0653050842201697,0.1370201865192777,0.9544517510370594,1.3340851934161848,0.0086810391548873,0.0034429660340923,2.640618061128052,1.1906796538230122,2.157483376949072,1.2586783651429112,3.555499772749842,3.774299269624589,0.9915714466839723,23,20,3,0.8579066832193009,491.566960863423,109.44925742441622,497.3837801966624,375.3593679548288,102.54652716980924,388.5673031256411,549.9251283578353,181.11945095761493,0.3293529275493678,0.2433404821677436,0.1054942141976647,0.3745988313565381,0.1826770532101077,0.820337322552634,0.0767203903728066,0.6543121239304603,0.8714676444323282,0.1567949718925524,0.8087586572310188,1.0812065234878647,0.0131248728953619,0.0050153232374985,2.2650629252820536,1.2595926712199306,2.3776323955539205,0.9354121603978364,3.18987316022957,3.878696938622032,0.7954280197134846,-0.0419495694195377,-0.0086462043025574,0.0333033651169802,-22.26799756990863,45.417950504620194,67.68594807452882,36.76156386266706,26.807599122298143,-9.953964740368916,-0.0013528310987711,0.0030910026417033,0.0044438337404745,-0.8005722921022658,-0.6961746231048225,0.1043976689974433,1.577637222562233,1
S_00023,P_007,1.0.0,2.5,3.5,4.8,900,750,600,mouse,Windows,Chrome,1536,900,1.25,1228,555,60,54.0835122178637,18.0774065564303,22.7391984210538,10,24.88114523003093,0,1,45-54,Female,30,24,6,0.8003719899645313,394.3047148380054,80.74132554216712,370.6695509554455,316.71761775506405,71.82887182309297,303.39798203779566,557.2346993922724,145.74965258342547,0.2615588238535432,0.1612070768724419,0.1282239034834797,0.3419853971964676,0.1386753218623023,0.8805365386543655,0.093448503437498,0.6946167133820091,0.9567291283902276,0.1385749810036937,1.1179859535674028,1.3814586825951558,0.0095646644696412,0.0076170149989635,1.8475921342579,1.3645081696348988,1.3919852291019592,0.9897384400637323,3.1636071428899597,4.02646740829144,0.9217786774943598,27,23,4,0.8378302867340494,456.5860698613074,92.9117081506987,455.5343724803092,383.1966713187512,81.58672803686171,374.3203612177961,562.4249972781248,207.97879114556625,0.3697893801877349,0.1843267095174285,0.1067375595190509,0.4528673672520393,0.1922812789306562,0.8514494636038455,0.0739179710069062,0.7134597597012481,0.8641496508130887,0.1196885157921131,0.946775515953723,1.4461663186770617,0.009883021630972,0.00395257531559,1.9298328573271868,0.907109342182908,1.4835295733503555,0.9383218149191191,3.14166797696036,3.755807232599448,0.9531310838957936,25,20,5,0.8118129857521303,481.0462763930033,102.27863309841476,487.9616706017159,391.8085368604698,100.181649980581,384.79850798024233,534.7813761675127,185.8716079985236,0.3475655964883525,0.1758164019553596,0.1201334712358254,0.4772628683635875,0.1702978230147959,0.865681746594182,0.0691372133018462,0.6562752385555092,0.9019762689555946,0.1422932422035453,0.8915014704776003,1.257567224979021,0.0137018576704368,0.0071726960138954,3.0235717465328085,1.3220551699584613,1.9129498049303015,1.1224350571883477,3.3697012714259515,3.891502446167716,1.400840098252087,0.037458296769518,0.011440995787599,-0.026017300981919,62.28135502330201,86.74156155499793,24.46020653169592,66.47905356368716,75.09091910540576,8.6118655417186,0.0003183571613308,0.0041371932007956,0.0038188360394648,-0.2706601756919919,-0.1349649621237239,0.135695213568268,1.78137498194579,1
S_00024,P_008,1.0.0,2.5,3.5,4.8,900,750,600,mouse,Windows,Edge,1920,1440,1.25,1617,876,60,56.24456799337515,18.368906878496844,28.02208244085025,35,27.016542059881917,0,0,45-54,Male,24,21,3,0.854651521684672,443.89931422047056,88.7755104360046,443.7345708317345,404.3242407504936,92.21602910892685,424.8619186672592,529.8046222366561,191.93586035561717,0.3622766814402803,0.1861269696930937,0.0909256974520449,0.4906620091361335,0.2005831214829844,0.868196835893651,0.0797534582825436,0.7263765113426723,0.9113385033155292,0.1499003997770483,0.9532773135670548,1.3399796023901571,0.0109117993366762,0.0061717955276222,3.2609905431192074,1.096284146446919,1.4868042441191522,1.1749025592289597,3.2946857492100725,4.101282652605866,1.2131737900931705,30,24,6,0.8121295858403663,463.6668606913223,95.57072715684288,468.3452303751533,437.017154370656,79.89429985832797,431.0196971191064,502.56931324999135,175.57795339020186,0.3493606727692598,0.1997303572270091,0.085234705353131,0.4635416702864701,0.1793345100428846,0.8036129662186822,0.0918633165511068,0.7140092237525323,1.142824144828121,0.146114400099758,0.8885477132667551,1.4377712064011243,0.014417102506683,0.007480332267212,2.7061194541435807,1.3096216835102703,2.2852366254556435,0.6900911408670187,3.390404098943117,4.3687453883195335,1.248004959520583,28,22,6,0.7753074971520532,502.17868211340345,107.08188905149372,496.4596112621888,408.9878274354507,94.26390701681632,393.7921727494183,642.1701602171496,178.73485873123622,0.2783294363456519,0.2523628830211702,0.1251960717746081,0.4866647998081701,0.1961396440754298,0.8326841024323934,0.0842948176619961,0.6717670146181823,0.9588965553893734,0.1678189567361192,0.7859952621587498,1.4597941137644748,0.0142382645134803,0.0070597609896815,2.7674601705508843,1.1048123082514656,2.770746888543834,1.1093927583089855,3.196933039775661,3.444599724371084,1.0704471139975562,-0.0425219358443056,-0.0793440245326188,-0.0368220886883131,19.767546470851755,58.279367892932896,38.51182142208114,32.69291362016236,4.663586684957068,-28.02932693520529,0.0035053031700067,0.003326465176804,-0.0001788379932026,0.2674627357136678,-0.6566829282347815,-0.9241456639484492,-1.7354426586568867,1
S_00025,P_008,1.0.0,2.5,3.5,4.8,900,750,600,mouse,Windows,Chrome,1920,900,2.0,1317,694,60,50.035765960830304,18.694345599242443,20.70171384140197,17,9.69179240066542,0,0,25-34,Male,25,21,4,0.8359014497929457,459.23920375827663,84.15768526530564,469.4855807820542,389.1007516023042,86.39898798590657,395.7250483504432,512.7410077023994,179.74730385124695,0.3505615918194206,0.2082264567687457,0.1029324033320829,0.4172635195326029,0.1810714034708395,0.861372797413436,0.0790772829322441,0.7031930753526326,1.0900182128250409,0.1434167674837121,0.930614007527429,1.2485210359483072,0.0109232651448322,0.0053782248969473,2.8098454028070443,1.175101371701038,1.490887099615616,0.8031446593052313,3.417058804404665,4.174508752780457,1.340565115965907,25,21,4,0.8257745108139296,501.6217188279203,87.17503950143781,530.088936326417,405.0854031900929,84.09283392385065,405.3338795593676,521.6635299279147,175.47364190244582,0.3363732211195469,0.1778916762325172,0.1156694651598219,0.4500309936316721,0.1591020891920028,0.8430959190308501,0.0761603051227587,0.6014861606187337,0.8007788426828841,0.1336441977155461,0.8956902395013695,1.204983765561611,0.0110969741853889,0.005307669883442,3.0908143684588336,1.479878294135236,1.822392555278568,1.091551648176702,3.2840574266848037,3.997176841244088,1.3293789315616489,23,18,5,0.7748981410705277,430.2694372822223,107.46609851031972,411.7764811325872,403.6216771643861,106.8723852159379,411.9030636582095,522.9767967104406,189.96873547060568,0.3632450553552698,0.1863728659613058,0.1144728466596162,0.4997418017143412,0.1410730088025624,0.79870766370549,0.0693138110071282,0.6287609393444997,0.8348749250669546,0.1756509945514098,0.9494630484489784,1.373753990359268,0.0129852721632646,0.0063566431228592,2.797596399986733,1.3641247398862033,1.874093396629442,1.161587400661607,3.661921375317825,3.451058881211442,1.0680800430368644,-0.010126938979016,-0.0610033087224179,-0.0508763697434019,42.38251506964366,-28.96976647605436,-71.35228154569802,15.98465158778862,14.520925562081914,-1.4637260257067055,0.0001737090405566,0.0020620070184323,0.0018882979778757,-0.1773319115363687,-0.7234498715690147,-0.546117960032646,-0.6802172845673252,1
S_00026,P_009,1.0.0,2.5,3.5,4.8,900,750,600,mouse,Windows,Chrome,2560,900,1.0,2252,819,60,58.53266256448914,14.779586286697684,20.35537827422155,18,20.205332904484948,0,0,18-24,Male,29,23,6,0.7952999954216622,454.6630853899398,90.0833474745792,457.2063461254464,429.7732460398637,80.74200311081795,443.8085660696096,511.04132754575016,196.89398554986337,0.3852799664861483,0.1927186283904579,0.1341308337936356,0.4372037417679911,0.1757551574325273,0.8533315645668276,0.1119042435576601,0.7110290860463562,0.8586765479112834,0.1475950970618228,0.8185753309104078,0.9021201850834746,0.0129936278765558,0.007892273596673,3.53094742543978,1.2524631001619768,2.1160576548141328,1.259780223236043,3.258724405602216,3.562708727240975,0.966966339486694,28,22,6,0.7742776063051139,514.9060859826702,93.7411011880213,505.32469525753055,420.57896765399937,102.85863210609432,410.11526165737126,556.3027540340854,158.72832024796767,0.2853272235251997,0.2092950319872261,0.1524261613511293,0.4510271128953991,0.1807627485234363,0.7976075706606235,0.1048482830458039,0.6527112220689089,0.9950987398218806,0.1659981227361786,0.8871515103050923,1.200502182028163,0.0124187153438756,0.0063046163854373,4.40642282678662,1.45761855626578,2.2069502426092984,1.2029264673376745,3.1683696623215525,3.8670591937011705,1.1106667481333476,25,19,6,0.7454406793731475,530.3500586068923,112.27756743485168,530.1880273340521,441.5193118135834,100.44385808881565,446.91311297081984,665.1947005792555,197.7546617601645,0.2972883902832638,0.2288494971132282,0.1243176630633589,0.524898350422095,0.2081557476638787,0.8124411610637614,0.0847465955111966,0.5990936635062907,0.7718663285122129,0.1578513343736736,0.8736682391144764,1.354809890952336,0.0128314967311327,0.0058766542971208,3.724007386145984,1.6916626249397937,2.0174208256740305,1.1654937004185195,3.277593500264028,2.626465994461,1.1551628497947823,-0.0210223891165483,-0.0498593160485146,-0.0288369269319663,60.243000592730425,75.68697321695248,15.443972624222056,-9.194278385864266,11.74606577371975,20.94034415958401,-0.0005749125326802,-0.0001621311454231,0.000412781387257,0.3043504664601952,-0.9362427327799754,-1.2405931992401706,-4.991800827701008,2
S_00027,P_009,1.0.0,2.5,3.5,4.8,900,750,600,mouse,iOS,Edge,1536,900,1.5,922,590,60,47.68771307572924,18.82574433429776,27.355267264365764,31,11.85559302241551,0,1,18-24,Male,28,26,2,0.920517118507578,404.4350515729776,99.06466878825452,389.8775818600217,345.5729664145219,89.92156829762088,346.86337134571465,545.4979623303093,165.28900818616208,0.3030057298107311,0.2075846370083102,0.1239465557301914,0.4198409076517511,0.2043598495284138,0.8879500719962667,0.088537416376844,0.6570164069179892,0.7815848731501723,0.1110841220022161,0.8943496786660076,1.3622795689639446,0.0117078325621681,0.0059667979538311,3.257717377884199,1.498079527425728,1.933983796601917,0.8539108821959186,3.4363064974153312,4.081581847436799,1.1372140159691728,28,22,6,0.7935111575675414,429.0709364443808,85.47016699111278,419.5779115910215,370.8187498734257,116.45167577888267,383.8516328647754,506.0880255438276,181.48100438465428,0.3585957288549556,0.2322441168802512,0.1237303580061346,0.4600444023401587,0.145567616518096,0.8387919217852593,0.0704831251422594,0.565493448033525,0.8295310761163914,0.0895820124350615,0.8152534580375274,1.0846743889355146,0.0101969277328004,0.0065183367455705,3.04758184711545,1.4031453978597936,2.2666792414955594,1.2464517943768028,3.3197122399986423,3.849151335582576,1.1950162917924054,23,17,6,0.7343834790382262,475.80463124331646,98.8788152469954,469.480378794669,413.3064674696549,94.87003594181397,421.25340530155006,540.5324566957779,204.91154376901068,0.3790920253366743,0.227830200691541,0.1051825644758048,0.491733562222601,0.1712295886713827,0.7914121401588501,0.0914315053258264,0.5923908910526134,0.7933230002275586,0.1516621652742537,0.9467884212589568,1.2997940148889036,0.0112851807975091,0.0066658052474756,3.0593538806497684,1.6019704429785957,2.2866282050823887,0.5712821369247933,3.537604745823351,3.9315471475878216,1.3546772797863351,-0.1270059609400367,-0.1861336394693519,-0.0591276785293152,24.635884871403164,71.36957967033885,46.73369479893569,25.24578345890376,67.73350105513305,42.48771759622929,-0.0015109048293676,-0.0004226517646589,0.0010882530647087,-0.2324305118542224,-0.1500346998489772,0.0823958120052452,-1.1813152884109555,1
S_00028,P_010,1.0.0,2.5,3.5,4.8,900,750,600,unknown,Windows,Firefox,1920,900,1.25,1520,590,60,48.63523785630134,15.547506605272767,24.243172445700612,10,23.80431473001793,0,0,45-54,Male,22,18,4,0.8099033742083459,375.22999326582936,79.81735836880395,353.9055885945962,369.7636422059032,82.15664589695461,350.05171868466846,584.0458658613134,166.29631115956337,0.2847315953761957,0.1859910988402537,0.1252640828514262,0.4426270981670015,0.2199070527340809,0.8765901878232114,0.0912133438842358,0.7268390770227534,0.8364779568998232,0.1430033449571696,0.8898496516352433,0.9172639310011582,0.0075983563977901,0.0053771877438657,3.08920304020614,1.301820984144947,2.0529626898449185,1.4494844998450045,3.0096365577710285,3.889658410863143,1.2049611317297382,25,20,5,0.7914097591433447,427.7195879709577,111.2323032920446,437.9438062589142,439.4167442878698,93.90264825173588,427.0801015030796,561.8996673545315,177.46842284685863,0.315836497434487,0.198178573997093,0.1302885856950143,0.4633521750477989,0.1722209369293851,0.8416399510212692,0.0778520648932732,0.7533587750499868,0.9925910826605926,0.1708107501416199,0.8667759013050179,1.255669047535254,0.0100085646033009,0.0059482327635165,3.2009276170848056,1.596261837268861,2.244247510995101,1.3360398755462657,3.4161093665304385,4.108850553640086,1.1504394707119077,22,18,4,0.8048666381104106,488.38341625021326,102.02135888026304,506.5342089955488,474.1092344234611,108.9180234240187,478.1186832240248,640.2810621597943,204.64496310753333,0.3196173918016964,0.2737817100890449,0.0969494504528905,0.4704514109659498,0.1786556794288322,0.7718671858102949,0.0945563256016413,0.583855743779077,0.9226114883774644,0.203501545794281,0.8147424060336236,1.1015694586350504,0.0138086069653548,0.0073825527083678,3.218028538645047,1.1528687516504617,2.740809458764629,1.135023668075273,3.177290760549277,2.6183729550132586,1.3844811828817474,-0.0184936150650012,-0.0050367360979353,0.0134568789670659,52.489594705128354,113.1534229843839,60.66382827925554,69.65310208196655,104.34559221755784,34.6924901355913,0.0024102082055108,0.0062102505675647,0.0038000423620538,0.2191921427769432,-1.2712854558498845,-1.4904775986268275,-3.1369535318933877,2
S_00029,P_010,1.0.0,2.5,3.5,4.8,900,750,600,pen,Windows,Chrome,1440,768,1.25,993,506,60,58.678666801400816,15.018101722659082,21.83696898724925,0,17.400992517027298,0,0,45-54,Male,25,20,5,0.7904683690808573,463.3537465972379,107.60326539108202,465.13917419623976,376.06920376920624,87.08251814430793,373.6590002018951,544.5551029388643,178.5679770980053,0.327915349859558,0.2130337309190969,0.1528309007441705,0.492809258440106,0.2149684116235247,0.8387383630129245,0.078490274102276,0.6360064776326986,0.8318654347639689,0.1122847025968586,0.8438253887275027,1.1226484486846469,0.0104973521039659,0.0064367723706488,3.5981736398900463,1.3903599796106232,2.91782365121858,1.1469859157245113,3.156490133909412,3.6921066420434,1.2513580752871123,27,23,4,0.835815243439773,468.02069978379336,110.39798703346064,464.9044408195815,383.4433287047621,103.18608511118912,368.2318459751153,551.6269187079838,183.15441983367865,0.3320258921784699,0.1860697704639622,0.1098751079423908,0.4995433616006726,0.1857229070159288,0.8112470847971229,0.089820222212623,0.5836744298841386,0.7771758309510743,0.1618377576495756,0.7634224791942079,0.977617697291933,0.012936243701831,0.007721971647552,3.8620574203586537,1.2175000272884509,2.6374940184778333,0.9560558198264996,3.59393140203602,2.933840274217292,1.4121561001393412,23,16,7,0.6964193204594405,572.2848727780976,116.45618439885864,587.5251207192209,433.12051396532434,111.46994449622096,420.4887809539376,611.9530471298376,200.35830206651016,0.3274079653761415,0.2603439163569976,0.1376872056762939,0.4538973284920038,0.1787917566432739,0.805325543158917,0.0996804427330157,0.6495941726637923,0.9931377031563664,0.1691970523568048,0.8561607863383857,1.1061481588073572,0.0141152772732204,0.0059284311354644,3.1952962554796294,1.4172221736880164,2.657934920377362,1.250414775422384,3.565916774633867,2.9235856280775487,1.2963767783722149,0.0453468743589157,-0.0940490486214167,-0.1393959229803324,4.6669531865554745,108.93112618085968,104.2641729943042,7.374124935555869,57.051310196118095,49.67718526056223,0.0024388915978651,0.0036179251692544,0.0011790335713893,-0.7582663678261081,-0.7685210139658514,-0.0102546461397432,-5.389461942198216,2
S_00030,P_011,1.0.0,2.5,3.5,4.8,900,750,600,mouse,Linux,Chrome,1920,1440,2.0,1588,1331,60,51.65159285963898,15.85279498074128,20.273274891192933,20,13.250423869387072,0,0,55-64,Female,28,26,2,0.9176113077702772,351.0983027313891,83.15239624379815,338.5640788130954,313.50373507385905,91.35279218759354,310.6339436582575,480.33594733043554,131.6257222272678,0.2740284647834592,0.1588913567809548,0.0976670391104441,0.3624479751731442,0.1448180953636641,0.9629138923051866,0.0675390192615253,0.7057603948544109,0.8719738196865021,0.0993162267371071,1.086528774649997,1.519748252908794,0.0090496801803279,0.0043725188696942,2.048341600832718,0.8282639424441985,1.122796693261582,0.6690650815496837,3.02174167181026,5.175831881455745,1.0558986315965688,22,20,2,0.8972554683169405,386.0255772305017,92.38825335423688,412.4449183001399,354.0438132958278,84.55599205069281,346.51849809403785,508.1697742832801,142.45486032692023,0.2803292669813702,0.1385605797821262,0.0861065002029721,0.4156426854914502,0.1741494118301393,0.8581197791624157,0.0603627980886335,0.7124478815964322,0.9195712743644144,0.0851065669095783,0.9187184587370336,1.1454431642759004,0.0093641391070006,0.003836784836578,2.1058440194433934,1.2151863984946774,1.0981556669417325,0.8113177247676278,3.473713510062616,4.296964623728108,0.8665564228209729,23,18,5,0.8013694448484502,445.4551262100335,97.80551489233328,450.597796003681,375.0758735468713,93.90262952142088,362.8252796948416,508.4768649913029,174.27877864669787,0.3427467219175818,0.1918910616978544,0.1144305463594271,0.3925397912199376,0.1806871244913885,0.8620052001534613,0.0570045410269862,0.7680228071674993,1.286113976863227,0.1487842629176196,1.0771510160726958,1.439956723313084,0.0083825009730553,0.003173258725164,2.5821982409792037,0.8850800737203182,1.4603167046675802,0.8400575396560006,3.576337793179193,3.442893418988691,0.885275233407678,-0.0203558394533366,-0.1162418629218269,-0.0958860234684902,34.92727449911263,94.3568234786444,59.42954897953177,40.54007822196877,61.572138473012274,21.032060251043504,0.0003144589266727,-0.0006671792072725,-0.0009816381339452,-0.8788672577276371,-1.7329384624670543,-0.8540712047394172,6.568359830607632,0
S_00031,P_011,1.0.0,2.5,3.5,4.8,900,750,600,mouse,macOS,Firefox,1536,900,1.0,1423,835,60,57.72896879924976,18.90256353397004,27.630042340611677,36,14.690438799552265,0,0,25-34,Male,27,25,2,0.941433564922529,349.2339256993984,86.62635827123347,349.90491971221644,275.33775873252995,82.6741122828896,279.78220604846325,469.1268387275904,131.4351238881636,0.280169696205517,0.1751800648353866,0.0773313906034779,0.3596024815510985,0.1570116611410881,0.8958623228275481,0.0707365388294468,0.8811447755248071,1.072289316241562,0.1027655434677763,0.8832260875415919,1.2273867074688658,0.0070167052798248,0.0039246367519467,2.152774235901377,0.8833781345466529,1.11832393105047,0.7360315781957496,2.912477619235238,4.4839628991912575,1.0556341760715964,28,23,5,0.8099645851172768,349.4301775210329,80.23358309325282,323.2758495116594,339.8131212559965,76.48771061843195,324.1589568906099,455.23866400031545,168.28351237136647,0.369659973282168,0.1331164857122524,0.116327843722925,0.3755413648101541,0.1342926022683164,0.889363097107761,0.070204785340773,0.7458118301251468,1.0622862508445858,0.0952028094138605,1.0891126321394855,1.5054459414449757,0.0085948841266522,0.0043017520419911,2.0208103663560717,1.0586776194781584,1.9701069229980288,0.9993542375132,3.4663984924723765,5.601137421419292,0.9888639246687404,28,23,5,0.8369835567533256,376.1639118217192,88.08013045222089,383.7564508221042,366.0933254904604,87.75167833708716,364.4346443847687,552.017629423051,182.4942763959185,0.33059501484881,0.1816596105698878,0.0814627851495774,0.4463836161238794,0.1703405107053391,0.8287808330033797,0.0642998041544881,0.7378250247522707,1.0812845908067945,0.1414647169859372,1.024559984646574,1.4623471143504023,0.0104224739122814,0.0040692826661765,2.1836882916334632,0.9524251081994402,1.5871634021729693,0.4343555722648697,3.424377499760585,4.0478301317993965,0.8692646543677088,-0.1314689798052523,-0.1044500081692034,0.0270189716360488,0.1962518216344619,26.929986122320827,26.733734300686365,64.47536252346657,90.7555667579304,26.28020423446384,0.0015781788468274,0.0034057686324565,0.0018275897856291,1.1171745222280345,-0.4361327673918609,-1.5533072896198954,7.535022721951181,0
S_00032,P_011,1.0.0,2.5,3.5,4.8,900,750,600,mouse,Android,Safari,1536,864,1.25,1046,705,60,53.25915104581662,20.69510607897328,29.0414907962575,31,12.290417440786918,0,0,18-24,Female,26,23,3,0.877023278423071,362.3095567598317,60.19253829956395,371.63148627349824,312.7155609712572,70.301787726781,310.7282151684654,477.157308579169,113.84641144656185,0.2385930371381342,0.1597793986064871,0.0850796768645208,0.4018629877363181,0.138009134525728,0.9051308915501668,0.0689914464512856,0.7805704563263111,1.045534129644473,0.0985428759798722,0.924230140615396,1.0526489460962414,0.0074887855393918,0.0051740280900854,1.7843164029309009,1.1615039809189067,1.3073877112440289,0.6843436511463581,3.1582855560518137,4.8181003276708925,1.026078903925948,30,27,3,0.9155461973812486,378.2157449408186,87.23525044742748,371.8238857385272,343.7353996466618,80.45351862421131,362.3264857627927,485.2361891338979,143.629083419459,0.2959982924518135,0.1389371055979764,0.0877325826468896,0.3738795673376091,0.1753218903861603,0.8925525975278338,0.0627842868443419,0.7224039305506385,0.7494148110971341,0.1057593604766474,1.0296979356476574,1.5034386190897728,0.0084950453254931,0.0062341628345425,1.6613388132051587,0.7869360349742551,1.7840525466988968,1.2115704418149096,3.3940147982275546,4.364929549673194,0.648068634123929,27,22,5,0.8056771095283308,418.7869117016247,87.17639828293373,417.80392298917394,375.2064861808343,100.21379074044272,373.5672587846818,578.9092015924568,176.25453005345824,0.3044597141807718,0.1957625393243053,0.124932403205245,0.4005390925593596,0.2199351085456245,0.8552359103428827,0.0756313722685274,0.7206701607774245,1.1959265378172217,0.1478963077137534,0.8484152840682186,1.4089358417833444,0.0106932710788626,0.0052894630468543,2.083913992940441,1.1417019984277927,1.6217416999872682,0.8973801237009549,3.4413851491958827,4.560803865567648,1.2746852411240988,0.0385229189581776,-0.0713461688947402,-0.1098690878529178,15.90618818098693,56.47735494179307,40.571166760806136,31.01983867540457,62.49092520957703,31.471086534172457,0.0010062597861013,0.0032044855394708,0.0021982257533694,-0.4531707779976983,-0.2572964621032447,0.1958743158944536,6.075854201411549,0
S_00033,P_011,1.0.0,2.5,3.5,4.8,900,750,600,mouse,macOS,Chrome,1920,1080,1.5,1442,689,60,53.35540064833312,18.91718572732993,23.302288441379982,13,19.073469793308817,0,0,45-54,Female,24,22,2,0.9010203464776844,385.8437108888218,81.90430223066124,407.0333262278401,293.60323585550185,66.8224784087417,287.7058047762268,547.6849953771576,167.07147964875548,0.3050503137003113,0.1153495079945832,0.1306009934130653,0.4124509618137788,0.1312734757410945,0.9006667556882855,0.0820449614407929,0.7988037769400603,0.8917123706535021,0.1143943177675936,0.8894775850160103,1.2060542586524283,0.009924882619267,0.0051273679481548,1.776706592823662,1.1996639972711671,1.6469124108177176,1.128353998460913,3.331151364266958,5.148001381695668,1.0762823435031532,25,22,3,0.8738191723186188,392.7761489491045,85.19165957305565,410.9616733450004,321.7975877898607,81.61567400518621,318.9001618746315,549.8771275593235,158.0076475706196,0.2873508273965677,0.1913387377950578,0.1237657877803121,0.3954155453726757,0.1740732788790734,0.8778602271879982,0.0843110962666196,0.7730742683066176,0.8802162177440149,0.1174099676947466,1.124470478069323,1.4472858228873178,0.0100895200103095,0.0056548525703226,1.8016324531426,1.1239363363594,1.1163363206813552,0.7412212386072436,3.481358445124129,4.534384905425592,0.920674388725544,28,23,5,0.8066505454124707,423.652886513805,100.54428553959596,434.563402623692,370.4105460773507,89.57364430381467,389.43778657255376,500.0327351604488,198.55770269470975,0.3970894078184647,0.2035636782692092,0.0757077086236419,0.3807483180278871,0.159936196649458,0.8811545186860251,0.0692221559777913,0.7656320790635219,1.057863771561761,0.1400044838085876,0.8746021910903317,1.3652306293527952,0.0105555494092565,0.0059720661861943,2.218613620013995,1.0572046160186797,1.8860877524730324,0.8355393965723495,3.544681778962924,3.824281227500289,0.868987096931331,-0.0272011741590656,-0.0943698010652137,-0.0671686269061481,6.9324380602827205,37.8091756249832,30.87673756470048,28.19435193435885,76.80731022184887,48.61295828749002,0.0001646373910425,0.0006306667899895,0.0004660293989469,-0.6136164762700762,-1.323720154195379,-0.7101036779253027,4.997845958864517,0
S_00034,P_012,1.0.0,2.5,3.5,4.8,900,750,600,mouse,Linux,Chrome,1920,1440,1.5,1431,1160,60,49.07657678168838,13.991800748705188,22.77236848943481,35,19.983666124561648,0,0,55-64,Male,27,25,2,0.908240132986272,383.7822085213268,91.62113057469118,373.0219816571966,283.13080508589786,79.49155297062758,272.9204742395875,486.4416403597833,154.08687261340717,0.3167633274557684,0.1518903781511274,0.0949684976008403,0.3545824638777818,0.1184580340074212,0.9221677187680902,0.0700689006252475,0.8222118146314359,0.9117065714362886,0.1093170781637524,1.2117344347361982,1.573501954352885,0.0075491764589353,0.0051298395749582,2.587520863094928,0.7594378914345339,1.2713806894544517,0.6631940983713552,3.1179492918732508,4.844393338637947,1.125224069072918,31,27,4,0.8847806318324654,363.8353650567665,104.15028312183377,370.2486822767093,316.5149565620705,67.36715339435067,299.76185773113355,518.9304566766233,190.5796413248351,0.3672546848480638,0.1348346495218143,0.1255801605270334,0.3929375543058862,0.1725387487134539,0.8584193406117337,0.0828891904153785,0.8036588600567867,1.0489896558824403,0.1213189981306736,0.9843316070397864,1.2474155942025311,0.008146507517307,0.0029681093571822,2.359289450892139,1.2024861666110254,1.180015364507128,0.8927661860198479,3.280168928805615,4.616645833124986,0.8289889966492299,27,21,6,0.7874336128110351,432.3521052829472,91.89740750772968,402.02047102014507,357.563874145148,82.35807342817654,342.8405836279168,539.9198666887387,181.6156512385348,0.3363751964756565,0.2110371301435352,0.0833608185005353,0.4116158894853438,0.1529877477476953,0.832759952695511,0.0655724706871431,0.7901519953840364,1.068632567839298,0.0978955178205514,0.8880075192961984,1.487723928108439,0.0103461959223624,0.0041734270131709,2.232989347251991,0.6687058929110457,2.063347154289766,0.7445149953136782,3.689110229160763,4.027828046453186,1.13755537901615,-0.0234595011538066,-0.1208065201752369,-0.0973470190214302,-19.94684346456029,48.56989676162044,68.51674022618073,33.38415147617263,74.43306905925016,41.048917583077525,0.0005973310583717,0.0027970194634271,0.0021996884050554,-0.2277475055129612,-0.8165652921847615,-0.5888177866718003,6.743555543502627,0
S_00035,P_012,1.0.0,2.5,3.5,4.8,900,750,600,mouse,Linux,Chrome,1920,864,1.5,1278,777,60,53.83574641942207,15.8461260298082,21.85904895683768,48,22.889315251245574,0,0,18-24,Female,24,20,4,0.8468009415569712,372.90389940585146,85.48341113425933,365.0034287742829,333.45496393185647,62.80356335095736,349.7871670667461,546.9749722789925,131.66238519599864,0.2407100724324226,0.1669578538170421,0.0894219363628886,0.3887115597704381,0.1504956047507337,0.9164897898980844,0.0729480855712697,0.7449427561329659,0.8689221017712807,0.1085161727460558,0.9493062400859904,1.3634283964041165,0.0122557962431759,0.0065082044910722,2.2979632626248616,1.0144854284138265,0.7973914318040827,0.6092478867915052,3.392418928415408,4.473064371683329,0.8688173512469352,25,21,4,0.8249711266650416,362.81284802482594,87.17655181585143,376.1857898449065,328.2911781958847,78.01474730930619,322.02285562987106,493.7773228231765,156.69193707874638,0.3173331982579895,0.184679951140486,0.1003198966315467,0.395973764538696,0.172569695907609,0.8946229236768443,0.0701096094030167,0.7413876335962036,0.8975728060282042,0.097947027932915,1.0580368811566483,1.4747781905383417,0.0101990165372454,0.0054388887885358,2.2691054181931776,1.1708892661266097,1.8395498482119752,1.0559507670096715,3.3048833126081023,4.874926455195095,1.0079742682313904,27,22,5,0.8184038002074121,433.3342636594888,97.75639805797618,444.37054351324366,385.8385665583591,115.22663067774334,390.3361074558401,537.1865370303872,169.07743763194526,0.3147462305489257,0.1875806351630697,0.134049678358579,0.4087322470605873,0.1536790793288783,0.8167091103310656,0.0640042271526803,0.6109372501675102,0.9367538140729416,0.1875546332329518,0.9375290404634352,1.0375153505148995,0.0125060683762651,0.0044311094808801,3.0983628800886125,0.975201078404067,1.615472513180306,0.8381136548224047,3.5976665141404283,3.817881778962523,0.8991964605524863,-0.0218298148919295,-0.028397141349559,-0.0065673264576294,-10.091051381025522,60.43036425363738,70.5214156346629,-5.163785735971771,52.38360262650264,57.54738836247441,-0.0020567797059304,0.0002502721330892,0.0023070518390197,0.4018620835117659,-0.6551825927208066,-1.0570446762325725,4.1920780263124655,0
S_00036,P_012,1.0.0,2.5,3.5,4.8,900,750,600,mouse,Windows,Chrome,1440,1080,1.5,983,755,60,58.796926044153714,18.36064114597278,24.165504127816355,24,27.4184770859131,0,1,35-44,Female,29,27,2,0.9149287486874776,403.5767576974103,75.22858945279536,417.17322358656776,336.43422376536506,78.60599181170147,359.0633630922186,496.7245839971852,121.29239575490224,0.2441844025090362,0.1392523479220055,0.1324719467635175,0.4456230091468442,0.1411251919368761,0.895254690292273,0.0731453848839447,0.8473080691538167,1.0381637954148886,0.0959006388456498,1.1312191925608237,1.4250008196530848,0.0096271344940812,0.0037947730002033,2.0218480780841084,0.722463825397873,1.1193278483711735,1.0586276658278182,3.192514191336993,4.585826416758693,0.8784749512002279,26,23,3,0.8655794667755555,424.8878630804902,67.71798618038329,437.3642806944324,351.4181432829898,84.38442279482787,346.5776283726691,516.9597082802178,156.50572153483546,0.3027425910144656,0.1656204150397295,0.1005282895116053,0.443338909107313,0.1507981606482011,0.8765863865776478,0.0745525817931419,0.8062642692684613,1.0202272782801036,0.1366144524265346,1.079046961696975,1.4194838219483774,0.0094277534620163,0.0049428622932675,2.228011922024006,1.2252311651785206,1.6852609758345392,0.9378453366313392,3.151216473443025,3.9988918988709017,1.3123044185139126,27,21,6,0.793811300003874,413.7456580294872,108.36795297787208,409.5185297992339,388.4993167765001,92.27095112027388,392.32339386342176,534.4602752283834,156.73766692525714,0.293263455096416,0.1989989307710751,0.1113589808471677,0.4889905356279433,0.1671583006064197,0.7983589801963208,0.0717793053253114,0.8242219294301537,1.1781858776283585,0.1176205404301436,0.993185859478562,1.231883845745101,0.0093531206513112,0.0049235466020816,2.694951751416584,0.6799520925764748,1.5172101954962942,0.8928545074338364,3.422774023601657,3.983697370853366,0.8085871457010814,-0.0493492819119221,-0.1211174486836036,-0.0717681667716815,21.311105383079905,10.168900332076872,-11.142205051003032,14.983919517624711,52.06509301113505,37.081173493510335,-0.0001993810320648,-0.0002740138427699,-7.463281070514173e-05,-0.5869345178877916,-0.6021290459053272,-0.0151945280175356,5.241952281603218,0
S_00037,P_013,1.0.0,2.5,3.5,4.8,900,750,600,mouse,Windows,Chrome,2560,768,1.0,2067,726,60,57.08685401515915,18.21008607223234,25.898659832779515,44,22.50522141003835,0,0,25-34,Male,22,18,4,0.7970028721073253,441.2041201051488,88.38963021533462,420.1048871003892,376.8202863632538,96.72553575758378,385.8880469603561,533.4604707437375,148.73232877881333,0.2788066537928375,0.1786251674462266,0.119356097079184,0.4074206164475391,0.1602881243571627,0.8448323812258319,0.0589016096099643,0.6287899506885205,0.9540892182891418,0.0926282108938109,0.8312404930918853,1.4498752787768223,0.0095050740786352,0.0065509550858686,3.017863212292881,1.3784870412970225,1.4582602691694986,0.9882744255256768,2.9572659095722416,4.875457592720107,0.895255071903235,23,18,5,0.7626223481078637,431.77952323119234,86.32580695325528,411.49061458484414,439.7948664733424,89.03327965912972,455.6399442354753,477.2030613797808,171.78700537272596,0.3599872240467663,0.198569963837886,0.1115722590068737,0.4538376206874401,0.1925016443903863,0.855564392857643,0.0791378420473534,0.5965261823849802,0.9264261541217862,0.1368484567225072,0.9591941190680422,1.427705451488877,0.0095271750498369,0.0047956868692462,2.698720066196472,1.0347287336826327,2.321530071144746,1.1047482967031583,3.4848775990677967,3.798016728195315,1.1657837987865802,28,21,7,0.7507493748660097,492.29706868817294,118.3427150384838,490.5693554408811,413.959096353314,94.33668654340946,405.5227908447691,631.592222799678,191.08982512905604,0.3025525303050857,0.2556555847767117,0.0851978808946451,0.4701327618239159,0.1837962832919879,0.8017628402507381,0.106137701146857,0.6072976422292553,0.8083699496367234,0.1535174238027467,0.7158121306328087,0.9518319418310714,0.0147746781075757,0.005600963721771,2.9973862885725744,1.5078869426436463,2.743030858637465,1.1378844559378032,3.4157323998942,3.0834314693107805,1.013863867269331,-0.0343805239994616,-0.0462534972413156,-0.0118729732418539,-9.424596873956489,51.09294858302411,60.5175454569806,62.9745801100886,37.138809990060224,-25.83577012002837,2.210097120170819e-05,0.0052696040289404,0.0052475030577387,-1.0774408645247917,-1.7920261234093262,-0.7145852588845347,-1.430478729535041,1
S_00038,P_013,1.0.0,2.5,3.5,4.8,900,750,600,mouse,Windows,Chrome,1536,1080,1.5,1008,869,60,47.181474407284256,17.629191161786874,28.731569437071823,23,16.289969789871783,0,0,45-54,Male,26,21,5,0.8022830671912784,410.81181046631445,86.85056563074595,427.671386902756,377.0182955325708,96.03432360946364,387.9150447205206,539.0535793608595,147.22827163999352,0.27312363237539,0.1793814340470951,0.1098466600603633,0.445363372746031,0.1700774881670753,0.8947533308082546,0.0793694180853374,0.6529068079445828,0.7525101764631632,0.1287173418498259,0.994399029936238,1.385397218416769,0.0137235726640135,0.0076124500346663,2.6048527016503558,1.1729270296777752,2.032240306943579,0.8597955512442548,3.3749432459798734,4.182033955092309,1.165868223958172,28,23,5,0.8219242941883147,498.0305020159832,99.1942686394595,499.726107579054,419.3942086652691,100.20170398549664,423.2459667498738,553.314654812863,177.67065247202115,0.321102379860355,0.210716136357978,0.0965212546251366,0.399031965053791,0.1659054512038698,0.8312253536738948,0.0753883856822344,0.6871225255288245,0.916851026769856,0.1395811437441226,0.8160325030774471,1.0967861726393051,0.0124462116570091,0.0067776150403727,2.6780342762619984,1.2688649937150998,2.7309856471426723,1.0238798014782642,3.2160219580786333,3.6346569361702983,1.1412259534584168,25,19,6,0.7429750431348952,451.67358500833575,98.32558202127184,453.9136135644082,414.6144567983688,96.13178645868756,416.738619831286,588.0686490492943,204.48114058080705,0.3477164458798867,0.2260956427613573,0.1316353157498839,0.4536584942448201,0.1950951661158885,0.8252347284863689,0.0904847958537576,0.6500600165465488,0.9707082912922864,0.1500849034707632,0.8778794876735183,1.3874058269412473,0.0122272133102876,0.005554254803499,3.3684363667173067,1.3195884544922796,2.0700993413187714,1.01244687464673,3.469900183865682,2.4281257319858405,1.094460288940578,0.0196412269970363,-0.0593080240563832,-0.0789492510534195,87.21869154966873,40.861774542021294,-46.35691700764744,42.37591313269832,37.596161265798,-4.7797518669003125,-0.0012773610070043,-0.0014963593537258,-0.0002189983467214,-0.5473770189220102,-1.7539082231064684,-1.2065312041844585,-1.6444432574541903,1
S_00039,P_013,1.0.0,2.5,3.5,4.8,900,750,600,touch,Windows,Edge,1366,900,1.5,1039,843,60,50.87688714397694,15.738166667651718,20.551236005273715,0,14.940136941994464,0,1,45-54,Female,25,21,4,0.848540354086583,437.2640160683693,107.94529712285372,436.3398608755271,343.4913339268844,75.3066684189335,336.86787517121724,456.9033761990957,167.85465793083682,0.3673745187159531,0.1955531949447852,0.1281915642776752,0.4123421002678792,0.1907647882839543,0.884219804603039,0.071951749187903,0.7946567152666792,1.0024551897134173,0.1349810212220162,0.7833671241462099,1.3248377565633491,0.0121497431382836,0.0060031325477775,2.804817546350734,1.3063627884516926,1.593814309433233,1.1054192751855032,3.078705429519117,4.008290993167074,1.26503628557948,26,22,4,0.8490195196244595,424.7385380861592,89.86437685850068,434.4224871230243,394.45123555860033,82.78651183872402,390.1706838901689,568.8045764047454,170.27579965536702,0.299357295490892,0.2174002367568255,0.1133797718232221,0.4305162823962186,0.1599210505903808,0.8771445841328771,0.0720677831367203,0.6896246900336809,0.9310667619785686,0.1104103139507847,0.8800329038672774,1.4374637397233876,0.0114490838352535,0.004964148419284,2.943440447395107,1.165436945811271,3.0028633009987047,1.0530195823660895,3.2629062729400458,4.3583656876684245,0.8198393890037083,26,21,5,0.8222126437438857,472.2929435300602,90.06657924932438,478.2317129962192,437.5888050484712,101.99494685577338,447.6550783626215,551.4814397812792,179.60397734251632,0.3256754704451129,0.2290229205006069,0.146229897871791,0.4931046408100111,0.1885862188552005,0.7973681419793234,0.0664536624665745,0.6577987002086162,0.7463421684566689,0.1433546347916459,0.9029606551679424,1.082321555863539,0.0112502040197635,0.005879177696083,3.350769247465252,1.406963506212931,2.3947654107566163,1.010726133096074,3.3720707869664426,2.994538467897356,1.019363250848263,0.0004791655378765,-0.0263277103426973,-0.0268068758805738,-12.52547798221002,35.028927461690955,47.554405443900976,50.95990163171592,94.0974711215868,43.13756948987088,-0.0007006593030301,-0.0008995391185201,-0.00019887981549,0.3500746945013508,-1.0137525252697177,-1.3638272197710686,-0.1733538263277949,1
S_00040,P_013,1.0.0,2.5,3.5,4.8,900,750,600,unknown,macOS,Chrome,1536,864,1.25,1382,605,60,60.0,14.285982173794029,27.35344571858848,21,19.92634960611141,1,0,65+,Male,24,20,4,0.8368615146514622,441.8273791651254,81.56979279784242,437.57807719286575,319.6290451694225,67.32501244436898,315.80955073758514,483.2557959578603,127.63476752344552,0.264114302593021,0.1857567522447507,0.1590313235448886,0.4549462240051475,0.1714833504185594,0.8852323439481297,0.0871919166297755,0.769587568496254,0.9783632822371702,0.1173132624383643,0.9878944958541532,1.420975943895978,0.0094633561493703,0.0057114001611248,3.033972716237305,1.4082012217273057,1.858965875127648,1.318544624933632,3.1420331356660376,4.90159062234814,1.156100127459379,22,20,2,0.9230918200287505,404.0770762020566,88.80009204419768,397.7951087790484,381.36152433829375,105.25299512294929,389.38202053788814,567.2464184639681,186.90922616313455,0.3295026994956817,0.2070375188302222,0.0974097812853864,0.4734921804053716,0.2012162067501811,0.8730471282099982,0.0803583309340259,0.6947865680067271,0.9353382729380018,0.1414454108089256,0.9390308990867842,1.161752152783888,0.0092900833451458,0.0050794491525413,2.8108926813553303,1.1609059139516869,1.9603458410834456,1.0748854376382686,3.2259018611124683,4.486530974248729,1.0345661868719251,27,21,6,0.7820326234822862,420.77636931224174,96.19057846415306,406.06027733186426,367.3684046974717,106.7924768250144,349.234765901162,555.4433334858509,190.24947260429929,0.3425182392780408,0.2399263038828298,0.1072939243630024,0.481892681863531,0.1632067322212594,0.8187033919475272,0.0703214894186866,0.6596135274642488,1.048569813772115,0.1413474494815295,0.8068640181867676,0.9944579948437452,0.013094869944443,0.0076756018195879,3.207529784061309,1.088917771108478,2.371597893151906,0.9268230838116972,3.427257217395369,3.1460892283345148,1.2859901375659997,0.0862303053772881,-0.054828891169176,-0.1410591965464641,-37.750302963068805,-21.05100985288368,16.699293110185124,61.73247916887124,47.739359528049135,-13.9931196408221,-0.0001732728042244,0.0036315137950727,0.0038047865992971,-0.4150596480994108,-1.755501394013625,-1.3404417459142142,0.856795986055767,1
S_00041,P_014,1.0.0,2.5,3.5,4.8,900,750,600,mouse,Linux,Firefox,1536,1440,1.5,1004,1226,60,51.42934453899974,16.61921152216094,23.860753679597654,9,16.24886530624278,0,0,25-34,Female,25,23,2,0.9396297572649168,385.748849918076,81.52864868784181,369.3067144227458,323.393027580917,76.30266742905509,323.27006737271427,495.38749226338047,156.50758180463646,0.3159296192351719,0.2070602049600862,0.116876180375165,0.3289608120137113,0.1766771943167488,0.8955307767176155,0.0755101079675734,0.7516925036773379,0.998251109156362,0.1090989735870098,1.0421570174433668,1.3108448978641916,0.007593592041353,0.0085313422250282,1.9689495631716247,1.1215407369731918,1.1050823109403314,0.9494277988711668,3.0600161673966,4.410054686451948,1.1828938157265512,30,26,4,0.8643549595058989,370.1735253845564,105.77076908269092,388.05174504868455,389.4114510441421,95.23283710709896,382.4834581427259,489.4535712885007,166.88725925838108,0.3409664757763347,0.1738083949592792,0.1107320068782234,0.4108062631236685,0.1293790053166695,0.8932088598475153,0.0742645361585652,0.6851551182324175,0.8679158502928453,0.129320406975453,0.9066809790787984,0.918404645307692,0.0108258162496241,0.0060266637703627,2.415439810813065,0.8719315794431748,1.7604610484697272,0.6332276421981646,3.165915410496851,3.942175938672995,1.152724976494616,31,24,7,0.7790243452555468,436.0569860499415,114.9131478473488,430.7700485921108,394.3201249677612,92.30288021757688,401.47658497940256,475.6538132196939,195.5445195649416,0.4111068052651644,0.216793017287304,0.1065678955838493,0.4387856298411476,0.1848741006933387,0.8068789753662265,0.0691767944085207,0.6115799950629028,1.0741611089613123,0.1560643260851836,0.7740554378799362,0.8969911938839399,0.0116566030347755,0.0050351205603334,2.293539657453363,1.4904646020112744,2.0735423603977154,1.0210973804335008,3.380197757615168,3.965716167961753,0.9690692017135808,-0.0752747977590178,-0.1606054120093699,-0.0853306142503521,-15.575324533519565,50.30813613186552,65.88346066538509,66.01842346322502,70.9270973868442,4.908673923619176,0.0032322242082711,0.0040630109934225,0.0008307867851513,-0.4678787477789532,-0.4443385184901953,0.0235402292887578,2.694694457969754,0
S_00042,P_014,1.0.0,2.5,3.5,4.8,900,750,600,mouse,Windows,Chrome,2560,1440,1.0,1632,1000,60,60.0,14.913669751943612,17.427969087144177,3,19.801786035989032,0,0,45-54,Male,31,30,1,0.9623397670330932,354.5575332327122,89.59628933600382,362.5563159729527,317.35728206662105,76.10494856162005,337.72874978083854,517.171570042179,142.12661469139638,0.2748152120577798,0.1632362019864244,0.0838313172799456,0.3727984520109607,0.1415348445307097,0.9364121320615026,0.0725500393390951,0.802865109417337,1.2158472070699344,0.1219987176671573,1.1092145188836555,1.2459554168280362,0.0068436704936426,0.0039397064504474,2.151529687971509,1.022849305641779,0.8546435631402427,0.8037903453665808,2.975883149642184,4.808822592607934,0.6932333123707487,22,19,3,0.885265961230167,428.3143875212026,92.21893218056717,434.65810135854014,349.8231582561376,71.36744564410931,361.3728295003106,502.83971794557095,123.78017385566372,0.2461622847960115,0.1655646218950875,0.0784666258868084,0.3987829951129516,0.1373171645682315,0.8961771251553385,0.0696292201012623,0.8245307289273591,1.075338873019554,0.0954990356299475,1.0083585314462058,1.156723071893696,0.0096963950549758,0.0055334448327741,3.0881946251983163,0.8643517191708874,1.3714589211268662,0.7263874830811832,3.351817055169684,4.601019050500215,0.9335329613045498,28,24,4,0.8491168599553357,397.9911875936611,101.52533824771412,389.9137197890449,361.92115799266895,88.22926356561356,332.8011448878925,495.3844265469693,177.02291645140886,0.357344532780997,0.1759034561889226,0.1345843067016029,0.4469485733223298,0.1453048941523539,0.8651440622748593,0.0720129030773539,0.6876811949845558,1.0286609010519363,0.135057999551265,0.9997394513261324,1.343451494639783,0.0113737709118171,0.0051729822479513,2.4521535437311965,0.8605157340942556,2.205927165458169,0.6314551992991169,3.5481454328319617,3.863343103626849,1.2054712783862214,-0.0770738058029261,-0.1132229070777574,-0.0361491012748312,73.75685428849039,43.43365436094888,-30.32319992754151,32.465876189516564,44.5638759260479,12.097999736531335,0.0028527245613331,0.0045301004181745,0.0016773758568413,-0.2078035421077197,-0.9454794889810856,-0.7376759468733658,6.852285822476582,0
S_00043,P_015,1.0.0,2.5,3.5,4.8,900,750,600,touch,Windows,Edge,1536,1440,1.25,1135,1178,60,52.60735752621117,17.18084270825618,21.680198131987392,0,9.071659536408882,1,0,18-24,Other,29,26,3,0.8967340116642171,396.41893512352806,85.80832467570944,377.3353521969466,332.26001382606256,83.46080196290794,320.8044803022349,534.1344357528978,153.35040708501046,0.2871007686835485,0.1657110765785879,0.0795498202133421,0.3769649091475656,0.1806933139952554,0.8857531620255142,0.0779123355175426,0.77465816262666,0.8821793895391871,0.1096025234191077,0.9915791201199814,1.235955129483804,0.0115798286172672,0.0066248932748011,2.517467862067128,1.5021076505033248,1.2084846527109765,0.9559007147570692,3.254950545340109,4.100961786525183,1.1025531522508651,26,21,5,0.8033707806938514,444.24232134813855,101.62574287691162,440.1573203312136,331.1778349921628,80.99610361617603,324.40131495360487,530.5572761823347,127.33455783243323,0.2400015296155746,0.2143458018730059,0.1170592595888374,0.4020800190075201,0.194225241415094,0.850960005546221,0.0702785435558382,0.7106131146956587,1.174337729804734,0.1587978730232185,0.9735491576044836,1.3929070064320317,0.0118198613445033,0.0044593227978186,2.899073866092419,0.996446601008902,1.933696656632993,0.911952445456738,3.3951812490671323,4.1023922656553165,0.5964914303550108,26,21,5,0.7984328440764655,470.9265970997436,100.54237716221174,446.2941717207875,403.1612538758949,100.43183818704917,390.6273511472881,575.3060786487828,170.6743307966075,0.2966670041058302,0.1653224459200487,0.1047837114233991,0.474080624703955,0.1672642028354046,0.8477343732499936,0.0786503464910831,0.7160987856580662,0.9306727808035868,0.1520784259951145,0.9427813071986714,1.5180215880933503,0.0097126569868746,0.0052578981986348,3.308820973387028,1.452440590593337,2.156174690386643,0.8989051380939083,3.5975677553011667,3.873101989234145,1.0034967191781097,-0.0933632309703657,-0.0983011675877515,-0.0049379366173858,47.82338622461049,74.50766197621556,26.68427575160507,-1.0821788338997749,70.90124004983238,71.98341888373216,0.0002400327272361,-0.0018671716303925,-0.0021072043576286,0.0014304791301338,-0.2278597972910381,-0.2292902764211719,2.643984560065128,0
S_00044,P_015,1.0.0,2.5,3.5,4.8,900,750,600,mouse,macOS,Chrome,1366,768,1.0,984,619,60,55.22069448332797,18.194793114387245,23.84777458694889,19,21.03784299413433,0,0,25-34,Female,23,20,3,0.8739781698385147,428.4672589724969,62.0003623489875,443.5083291547257,389.8718965198516,85.32636722556164,403.14371591192224,491.0285621090614,152.76052593657144,0.3111031368123186,0.1804199198092191,0.1457883166505226,0.4096531036265192,0.1582025105338121,0.9122442739508572,0.067516611328407,0.6923400188242631,0.7311509541894897,0.0776957087040633,0.942257456100944,1.1155889909458134,0.0093696824504692,0.0042505120038795,0.9574731599826,0.8812004110228204,1.3833990205353583,0.7963971768811422,3.427928701896378,4.3857279372703895,1.149625593935415,25,21,4,0.8479331993681026,409.9372116403992,83.81609598625137,410.8189514141106,340.94419979871225,87.95950515166511,343.7791953901965,483.4337138234723,178.62712254106245,0.3694966185297718,0.1900342244915355,0.1000370219112263,0.420361344599202,0.167321826164032,0.8551507663636275,0.0752041005872473,0.6829563058833458,0.8195642456089338,0.0885429299887408,0.9499061022819388,1.3849517012194972,0.0090578386293388,0.0079706225218615,2.8092139422535904,1.3508487924728092,1.943529818473912,1.2880600694432498,3.201949702479119,3.344209748041074,0.9505682332026028,26,21,5,0.7956481865109678,450.6816450564087,109.26641831839466,444.9507814394712,400.924380888481,87.28280870280648,414.06910515907344,605.7896787910355,181.66223047275955,0.2998767341749696,0.1936328312221843,0.0965703867231289,0.421122859538995,0.1548190961731545,0.8140396290568198,0.0594949342748305,0.6632566747409936,0.8421055703025456,0.1595414623029372,0.9545239827583272,1.3443216347700249,0.0106251470480754,0.0053288854139235,2.9273401222450737,1.2332219138832483,1.9227893668962743,1.133311830320377,3.4851983963361914,4.02596432450278,0.9440092431671628,-0.0260449704704121,-0.0783299833275469,-0.0522850128571348,-18.53004733209775,22.21438608391179,40.74443341600954,-48.92769672113934,11.052484368629392,59.980181089768735,-0.0003118438211303,0.0012554645976062,0.0015673084187366,-1.0415181892293148,-0.3597636127676091,0.6817545764617057,2.43293819844081,0
S_00045,P_015,1.0.0,2.5,3.5,4.8,900,750,600,touch,Windows,Firefox,1536,864,1.25,1279,731,60,57.1109333071872,15.366507497108817,23.02169230424016,14,21.958684497189648,1,0,25-34,Female,30,26,4,0.8628012049937719,350.4979183389724,82.6045858981141,351.2606175956116,352.22146919136907,86.86192251376428,338.66768143599404,508.02813500661824,143.91974429900876,0.2832908935193793,0.1860661656519243,0.1131802883164462,0.4147436049509475,0.1738772806047407,0.9252676235185164,0.0574493348839217,0.6817322848921584,0.9312896018143514,0.1040899051421467,1.0144240333099683,1.4864126851179142,0.0098996435710474,0.0057149639940464,2.545163690880422,1.1761702191484609,1.7693069662573286,0.9602458421051574,3.237867397188859,4.4751132332262085,0.9133066402687308,22,17,5,0.7846375206810623,399.4253142263188,102.78755669676194,395.6704648284618,390.4590490412106,79.44911608821317,369.03967156664896,521.9721056844182,174.30765334752056,0.3339405524725609,0.2146568256952708,0.0999731598718808,0.4210357792202245,0.1832961904798197,0.9135803290275908,0.0828676249224213,0.7514670375803267,1.1461478150033613,0.1390729557176926,0.852192521046841,1.3611555626695762,0.0089241099863081,0.0075865128730672,2.9099485478603824,0.6670828404183877,1.8706670461855055,1.1286352265931052,3.2844464190440354,4.101741044384206,0.970342037251673,22,17,5,0.7566140755666285,476.7274066456548,101.26930268540258,458.3180394460219,392.049551219774,101.59042685377972,391.2339115658105,521.5968291447427,168.39911348582405,0.3228530237845702,0.222407352806676,0.1593367549615415,0.4794036043325689,0.1452000584849096,0.7614211062159099,0.0871869134239449,0.6253383059023809,1.0122902222436254,0.1304983965735734,0.9049510999110854,1.3818771193652646,0.0121400800414705,0.005559552179159,3.168051557012437,1.3056628191900888,2.2145186733414843,1.1926449299604145,3.4147097216099453,2.8945506886243675,1.3943919676254943,-0.0781636843127095,-0.1061871294271433,-0.0280234451144337,48.92739588734639,126.22948830668236,77.30209241933596,38.23757984984155,39.828082028404935,1.5905021785633835,-0.0009755335847392,0.002240436470423,0.0032159700551623,-0.3733721888420023,-1.580562544601841,-1.207190355759839,1.5904084191896328,1
S_00046,P_015,1.0.0,2.5,3.5,4.8,900,750,600,mouse,macOS,Safari,1440,900,1.25,1245,738,60,53.06658178755858,17.00047553714365,23.52493351820607,19,5.755075246076103,0,0,25-34,Female,31,28,3,0.8995570945395241,384.75843419618406,83.21553940160412,388.44168667419433,371.4411116713465,67.35037146282758,387.2290743346396,436.0267737950347,138.94220458183173,0.3186552132396002,0.1542774717326648,0.0813833567558635,0.3853215312769026,0.133378692219003,0.8691307527681393,0.0888406949179376,0.7454874761633697,1.0179835968240731,0.093617410712089,0.8741091436785127,1.0532357323483703,0.0093024834434231,0.0065518258716102,2.739501331172624,1.2628522908733797,1.4205574867213997,0.9574573302633324,3.151798620494413,4.374546523817029,1.3581165483265067,27,21,6,0.7819546878212129,419.1520251149574,102.53048217640492,441.14039754046047,353.88926062943546,84.23688475452741,356.5687372940833,472.3239540079607,176.18402728332407,0.3730152277653795,0.2018352184067698,0.1238404883380302,0.3992347534466102,0.1754031976534172,0.8475017224521112,0.0735105243111205,0.8029814690078585,1.0644649143194092,0.1019224503179278,0.9642585646581172,1.111489175748621,0.0087687825949946,0.0046425259559347,2.4408305834402224,1.3241236174945534,1.9953440053468348,1.0571464294320003,3.155161315161419,3.895502916637714,1.093347529815013,28,22,6,0.7690637017222883,468.8529128262627,98.24630946922524,465.4620189897323,427.3187782551518,95.29432234317257,413.16672453852135,580.5604069499359,161.646106475952,0.2784311581376775,0.1910667321712365,0.0970010641762733,0.4243009161673591,0.171867186915535,0.8449834082051295,0.0893880750858829,0.6697168270855688,0.8662352803591836,0.1004281569650738,0.915576361090857,1.2694418901451057,0.0124816913140755,0.0077898893895868,3.442792982795725,1.2937420020267103,1.7792014069203033,0.8499484139431862,3.469773308960725,3.321570447636568,1.1276170425303027,-0.1176024067183112,-0.1304933928172358,-0.0128909860989245,34.39359091877333,84.09447863007864,49.70088771130531,-17.551851041910993,55.877666583805365,73.42951762571636,-0.0005337008484284,0.0031792078706524,0.0037129087190809,-0.4790436071793147,-1.0529760761804612,-0.5739324690011465,2.048462423982071,0
S_00047,P_015,1.0.0,2.5,3.5,4.8,900,750,600,mouse,Android,Chrome,1366,900,1.5,914,822,60,46.35464426628874,17.64241291184581,26.560789996153037,19,17.8751415812403,0,0,25-34,Prefer not to say,28,26,2,0.9225619563991696,403.6865249636347,77.14214254457092,377.7150936981496,345.6728836891467,77.45939736665926,353.6921237528103,501.1506046251864,126.58306540908362,0.2525848801554492,0.177291368870378,0.089793852615,0.4088487810824897,0.1584328621617173,0.8914137223821851,0.0668635357267896,0.7364774528054376,1.21320299832752,0.1365664614498533,1.0304871823052792,1.3766930424705364,0.0101528286769273,0.0065732338395515,1.878357058927808,1.073164915562365,0.97504425385159,1.141109938868783,3.5097536386551287,4.632470581320684,0.697737998081152,31,27,4,0.8671303764252324,387.99357757291466,85.12583892112461,378.5949317260496,361.0379375552357,82.64123736084342,368.83320514645567,520.5674342049305,157.50696839397492,0.3025678481684844,0.1591131606912607,0.1022140052793133,0.4259183165154167,0.1653031995724879,0.8444319246717154,0.0843232806681956,0.577598352517311,0.7740345339138988,0.1084612998178022,0.9860461769065962,1.4202954480770065,0.0117766741032796,0.0047308585720918,2.6849173467442125,1.1278163666650978,1.188169910167047,1.2965975679034265,3.10418373091397,4.391265708011003,1.0749835084462664,27,21,6,0.7766263544630732,464.0771230051543,86.14969466289553,465.0645548352631,373.36936151393206,89.32772402701598,368.2243880644895,586.6749212673903,174.90011525410745,0.2981210017913698,0.2215115251618364,0.1098600822177725,0.4135485715406208,0.1637062270440593,0.8339123788208468,0.0674660353293858,0.6949630707972694,0.9731206133218404,0.1054522749434921,0.8190668357888422,1.2327695037697053,0.0105035972476962,0.0057453046005443,3.0906570430544957,0.8344621216076937,1.5241705463491586,1.2513758532956634,3.5367356174443687,3.605707432866959,0.8763984489196648,-0.0554315799739373,-0.1459356019360965,-0.0905040219621592,-15.692947390720065,60.39059804151952,76.08354543223959,15.365053866089,27.696477824785347,12.331423958696348,0.0016238454263522,0.0003507685707688,-0.0012730768555833,-0.2412048733096803,-1.0267631484537247,-0.7855582751440444,3.8744400033376345,0
S_00048,P_016,1.0.0,2.5,3.5,4.8,900,750,600,mouse,Windows,Chrome,1920,1080,1.0,1366,999,60,52.99685540114994,15.927396823972394,17.799897156476646,4,17.675388539955957,0,0,18-24,Male,27,23,4,0.8355061622850701,442.4330596339309,105.57340727273684,454.00050106543,371.38258373149387,83.90209725556558,371.3162100679426,540.4946614678869,180.4446431020879,0.3338509257649881,0.1734423291532214,0.0971961026298839,0.5006477300287097,0.2178140560902298,0.8294069830284221,0.0898390303163951,0.6720231390012614,0.972327211996134,0.1427025154258707,0.927970518180876,1.1683636469006928,0.012020573023217,0.0069690540368176,3.181727053508624,1.3194194327378612,2.315311808903576,1.1549169004636142,3.042735853619821,3.87579775520265,1.10157762010157,25,19,6,0.7542308430803859,512.1667508230839,88.91619522936192,498.8031035991421,411.8708134277093,108.65492775909688,417.6087925219032,591.6356082548126,215.51033072767723,0.3642619337321203,0.2220603160774283,0.1645150511956703,0.4786474595713391,0.2080464301080709,0.8277920915349257,0.0983475430141018,0.5567712053485426,0.6886853825862405,0.1389665296946607,0.8282894588316805,1.145166640999131,0.0142392176649268,0.0082916343749315,3.140496537683037,1.2505907766992252,2.042579512061173,1.5541099994183294,3.3657004248682743,3.403099998755545,1.0470041435118516,22,16,6,0.7056541575917812,548.7453601169307,112.04696522682518,532.6097757445348,500.3472428928092,99.51871878412884,512.6122898445295,595.4236714620027,227.29652752689825,0.3817391521717545,0.2730541865938954,0.1370274971463282,0.5031728969364285,0.1834071809782667,0.811393462901562,0.086070008510015,0.5370439590184454,0.8600987316019562,0.1643781547405367,0.7638621129441449,1.115448393773506,0.0160068384709097,0.0086333957505938,4.093026365475474,1.5580433797468651,2.659495118924692,1.0064758286327653,3.582097934835267,2.8031034753476933,1.0346411039540464,-0.0812753192046842,-0.1298520046932889,-0.0485766854886047,69.73369118915309,106.31230048299985,36.57860929384674,40.488229696215456,128.9646591613153,88.47642946509984,0.0022186446417098,0.0039862654476926,0.0017676208059828,-0.4726977564471046,-1.0726942798549568,-0.5999965234078521,-6.157236521812827,2
S_00049,P_016,1.0.0,2.5,3.5,4.8,900,750,600,mouse,macOS,Edge,1366,864,1.25,868,766,60,60.0,17.322775672850156,20.51298222001941,23,20.3715771991794,1,0,35-44,Male,24,20,4,0.8170469562906033,471.9266188906653,76.45613848855672,479.1971493699385,423.93871689613127,79.07603289689565,422.5864224911448,622.549635933467,162.71045373593734,0.2613614149688885,0.2082822776707428,0.1127458722302343,0.5064693289994927,0.1971595448348604,0.8526932407936912,0.1029561033424526,0.657769130233103,0.8026936823334943,0.1258806388930464,0.890514204442667,1.146896046183226,0.0087067547692984,0.0068880690701005,2.666831843667823,1.7115183244606729,2.3236912256987647,0.9601614689622304,3.095205137800632,2.9500520518929747,1.07627719729387,28,23,5,0.8279344525791185,518.6385049543522,104.67675837842812,525.117895589161,404.22902782175646,115.00860614463502,406.49401224412895,665.1125374891695,207.02244067524543,0.3112592666750272,0.1914233674352636,0.1255071494596069,0.4555810410243708,0.1972292700926779,0.8265544188755358,0.1193754896413778,0.540833816777091,0.8183102090568177,0.1631563522241488,0.8257589728131923,1.192286059480396,0.0115154063960193,0.0070477960633423,3.703476506587495,1.4537820906021532,2.6217152055434463,1.423718060438192,3.460544981287152,3.27629432237295,1.065432727528454,26,18,8,0.6855807099730131,527.7878133264429,115.63186533812797,534.9628047489339,433.34428010959664,97.2248894369544,453.15841321826304,615.642218804872,180.47466640004,0.2931486192587476,0.2308287823790412,0.1309481599179066,0.4601748754678424,0.2064212411447666,0.8097651652099247,0.0839188284896424,0.5318438451203289,0.8463354175370181,0.1529462954300991,0.7300776393142255,1.259552411042169,0.0160489013455484,0.0075428598710835,4.197174756675384,0.992806228674455,3.102805598407751,1.219608903627694,3.635617207600861,2.894847830339574,1.2485352040129691,0.0108874962885151,-0.1314662463175901,-0.1423537426061053,46.7118860636869,55.86119443577758,9.149308372090672,-19.709689074374808,9.40556321346537,29.11525228784018,0.0028086516267209,0.0073421465762499,0.004533494949529,0.3262422704799754,-0.0552042215534007,-0.3814464920333762,-5.827354159187467,2
S_00050,P_016,1.0.0,2.5,3.5,4.8,900,750,600,mouse,Linux,Firefox,1920,1080,2.0,1775,873,60,52.29212069102861,16.447839072855214,21.73178790366478,50,17.704514399899544,0,1,65+,Female,31,26,5,0.8297349766196629,479.2007108313761,125.2112702755518,463.3827053832449,408.2629419569554,85.41756281513614,409.42765146744506,616.3274324901888,199.5648157240003,0.323796743749804,0.2374101749880171,0.1542662414540674,0.4194549844500829,0.2083056316759884,0.8273283594597275,0.0744064857259299,0.6377083529509617,0.950492286623332,0.1566299372890911,0.8919875602296514,1.3217254580910636,0.0103792606544589,0.006823143081289,2.646837121927831,0.9849501273147112,2.486252695939798,0.988593086137871,3.3308747753214583,4.00414880030348,1.1463203662025832,22,16,6,0.7362515919196747,453.5402140927545,106.2676728952772,460.6033222884909,413.9636092570762,114.22770307055424,432.27389304986826,603.8064780366891,170.999687932435,0.2832028044622014,0.244008821164559,0.1445310200429763,0.4865051211143685,0.1796646029674298,0.8128446487550209,0.0985537027331963,0.6842903048084779,0.9919272428753804,0.1326139809040463,0.8509137199749696,1.565034526625611,0.0132098737480258,0.0083899606253673,3.193552089846141,1.377206742867473,2.629929444824539,1.2186836265486356,3.2050416979833263,2.972896038049757,1.3874606253614616,22,16,6,0.7344328181575883,570.2907749114731,127.91264152576046,568.2714833666342,445.24140458418697,117.43288563801778,436.6845732019679,588.8200542453219,186.8172615068226,0.3172739450021998,0.2602821970063387,0.135016902089795,0.4989318919967291,0.2200130626136789,0.8105371499204882,0.1025799301439218,0.4581736134034315,0.7385813634699756,0.1808561657674191,0.679327013434487,0.9310926672379912,0.0134355117884541,0.0069498179370336,4.468825423659252,1.7901418341277304,2.445773617064892,1.2445294149947776,3.567819677821347,2.899896168075629,1.299064910106948,-0.0934833846999881,-0.0953021584620745,-0.0018187737620863,-25.66049673862159,91.09006408009702,116.7505608187186,5.700667300120813,36.97846262723158,31.277795327110766,0.0028306130935669,0.0030562511339951,0.0002256380404282,-1.031252762253723,-1.1042526322278516,-0.0729998699741285,-6.6629048667394954,3
S_00051,P_016,1.0.0,2.5,3.5,4.8,900,750,600,pen,Windows,Edge,1366,768,1.5,872,489,60,59.46186687255726,19.44284874100546,26.00707084390257,24,21.602806326457504,0,0,45-54,Male,28,23,5,0.8084210578213231,452.88132645866375,100.202925049734,438.00978505890106,378.71174080622944,91.22822771995038,368.29494282001536,491.4078023455757,170.88680612297503,0.3477494767223929,0.1949148777071614,0.1329905395903074,0.4362854167996591,0.198419628849554,0.8949718392903422,0.0845943436334185,0.6519170034730728,1.1412865736821662,0.124666825177957,0.9986915906979872,1.3494900416920532,0.0142395580133382,0.0075335579622167,3.271193131122253,1.343545231076764,2.0044659866714403,1.1326618355834317,3.334604218853004,3.671707620259744,1.1700101048312823,26,21,5,0.797090288657151,521.6304466137208,98.49636426255712,531.6592644754331,423.8382360705105,109.4871112162213,410.08635237075976,539.3530144372234,179.78921300917816,0.3333423716872621,0.2028886340243219,0.1303168863071029,0.5174665733718768,0.1672151237697478,0.800121989016284,0.079548026838368,0.621696983147167,0.9461875616240578,0.1564161054426387,0.9239622944991304,1.009499455364041,0.0145492184820792,0.0064712615172241,3.680947510011231,1.0919862821014403,2.373165427737925,1.1647576797083636,3.493362655624763,2.761457503195861,1.222116407870797,26,18,8,0.6773589315153952,536.4388113414312,118.25130066435308,517.1312577038099,434.2504685910008,112.88466658367358,417.9196495412761,558.4541979185789,209.33552636053287,0.3748481561079668,0.2652709301937143,0.1304926090176593,0.457611066165063,0.2145262518676013,0.7757091183307327,0.086050054027595,0.5643252501282011,0.900189816332681,0.1515345055551574,0.7527434580550095,1.117580779869476,0.0159162993909704,0.0090708068379235,3.1133573061777744,1.419739771011397,2.291717910764916,1.3212657742319096,3.3432183179036152,2.5881697447447656,1.1291128967309616,-0.011330769164172,-0.1310621263059279,-0.1197313571417558,68.74912015505703,83.55748488276748,14.808364727710456,45.12649526428106,55.53872778477131,10.41223252049025,0.000309660468741,0.0016767413776322,0.0013670809088912,-0.910250117063883,-1.0835378755149785,-0.1732877584510954,-4.858551138809922,2
S_00052,P_017,1.0.0,2.5,3.5,4.8,900,750,600,touch,macOS,Safari,2560,1440,1.0,1985,1298,60,58.638930751550944,19.403469580029395,23.280253241589584,19,10.286351635894032,0,0,25-34,Male,24,22,2,0.9019434774916972,346.62647175499967,95.70122349007896,337.26357504173933,357.7548631878493,85.86853462921984,359.68834539732575,460.3122859797014,151.15561563216795,0.3283762355168454,0.147008768266032,0.1207321025355841,0.4262213875845559,0.2005451689580206,0.9009218583099724,0.0847502517329801,0.721106777802267,0.9137135212412836,0.1204824341503925,0.967901917239534,1.3582797855636826,0.0075091113494025,0.0046688221342265,2.539478592099293,1.287427978421784,1.279528057661408,1.0666903346067078,3.1200896490447088,4.543000159837164,1.2451091348740206,27,23,4,0.867067068629865,436.92378870272427,106.77482103468398,447.4819788184713,341.0527422517762,81.62662037179388,344.10675489265554,439.1132193349249,162.14532370009022,0.3692563023852331,0.1736220798631864,0.1266841916820124,0.4305905740384141,0.1589950637786697,0.8812857224061733,0.0827371287652659,0.6675367251742035,0.8583738145283133,0.0785017325920968,0.8886088201238675,1.1272383860603308,0.0104121488983146,0.004605067137343,2.319934076872333,0.8650238270240449,1.8065590779107932,1.017710391422405,3.380354802262973,4.181549744333895,0.8014065230302145,30,23,7,0.773223251439622,439.7446061791538,100.30434791094694,418.36148559358855,405.7121660053191,87.70345629483305,397.57133150175946,576.733073703442,169.5657351562689,0.2940107701252801,0.2260908129537935,0.1078014636151512,0.4023193879676796,0.1801130508267993,0.8410257419712058,0.0732277218751699,0.6630913604146091,0.8268011029479937,0.1516116064099986,0.9209134739140928,1.295880800506327,0.0124766125200489,0.0043958642022764,2.495601662939156,0.6681010714173229,2.1706475858985343,0.6901254677560703,3.503885456484348,3.815069226895899,1.1229203983393017,-0.0348764088618323,-0.1287202260520753,-0.093843817190243,90.2973169477246,93.11813442415416,2.820817476429568,-16.70212093607313,47.95730281746978,64.65942375354291,0.0029030375489121,0.0049675011706464,0.0020644636217342,-0.3614504155032687,-0.7279309329412653,-0.3664805174379966,3.0447465751434892,0
S_00053,P_017,1.0.0,2.5,3.5,4.8,900,750,600,mouse,Windows,Chrome,1366,900,2.0,996,813,60,59.936615470134754,15.189787222309244,23.345652098482404,25,19.551872627518957,0,0,55-64,Female,27,25,2,0.9082551960561852,478.1665608881749,92.9019001333842,498.02644230912654,341.4875026600857,88.53096810741988,325.39411531991027,474.1615000098608,157.11880935291424,0.331361380773527,0.1818862446201748,0.1359366379132478,0.4069821049430492,0.1473687750610918,0.8944563478577625,0.0905704940954775,0.7012901513626206,0.9999189623193924,0.1091552442989889,0.8975705599315357,1.4015344120136186,0.0104457506604747,0.0064226220437783,3.153423470261407,0.9754822220115886,1.6005188417404312,1.0214246864234164,3.1153530143358137,4.528212269297592,1.0617281335208797,30,24,6,0.7877356606342758,441.5794985422825,96.68524461021948,427.5592675988376,385.8142230598917,94.1471986858908,381.97072285180496,534.0248839736082,160.24051493897878,0.3000618880278581,0.2017443703644829,0.1119825735698575,0.4859848163882911,0.2054887147829946,0.8706891793157366,0.083107203836695,0.6710217719008198,0.7696869241391636,0.126321624421091,0.9338726579007164,1.3182911290674155,0.0117688114392767,0.0068535836422542,2.515715782386414,1.049835567433501,2.3813837261112054,1.1440343344951072,3.261384358680002,3.856590572818952,1.0744309246552426,25,19,6,0.7742921376263499,536.1100253150868,105.0405869330664,526.171053058708,372.92187087314034,94.77882761278144,358.17609084054106,587.4937109163072,121.5470828926752,0.2068908664623824,0.2340480673776194,0.1570083567801057,0.4000129101914668,0.2090328224004405,0.769793284056186,0.0887025238942992,0.6339872931492667,0.6659838389786207,0.155967825432326,0.9663334380029924,1.3709164885762284,0.0135817483443424,0.0055205773320374,2.3760215089751524,1.324823493342716,2.7170528980221467,1.2157541875019693,3.185818625559798,2.871901439428408,0.9629428553868764,-0.1205195354219095,-0.1339630584298354,-0.0134435230079259,-36.58706234589238,57.94346442691187,94.53052677280424,44.32672039980599,31.43436821305465,-12.89235218675134,0.001323060778802,0.0031359976838677,0.0018129369050656,-0.6716216964786401,-1.656310829869184,-0.984689133390544,-0.1527059116633049,1
S_00054,P_017,1.0.0,2.5,3.5,4.8,900,750,600,mouse,Windows,Chrome,1920,1440,2.0,1699,1273,60,58.88564229637764,16.18368175031259,21.66611579236064,29,9.20119294608181,0,0,35-44,Female,29,25,4,0.8493692483557452,429.70945699504415,88.80556228606241,439.4108407422377,371.7847818815412,80.79413707653866,367.1510190696349,522.4635919397284,155.8833760332609,0.2983621795626358,0.1743219357191928,0.110427441726437,0.371805687986831,0.1882477634779845,0.8837461441434403,0.0887916333118603,0.6710677085856572,1.1485137436428574,0.112995142617758,0.8857930171726176,1.086740279196218,0.0074581025526305,0.0075621209711306,3.169072111423741,1.326047648324459,1.5459198970360346,1.3666774981224543,3.147242125771752,4.082253334850408,1.320012823876042,28,23,5,0.8300015080894607,500.79716319311706,98.28470886992751,506.752625186798,370.0910908739932,76.45997521237528,373.4342401476677,585.5354207958352,181.4249087709041,0.3098444642756521,0.1992909524933342,0.1006911726984241,0.4459859136898836,0.2008461356786582,0.8637295927672736,0.0819622824837089,0.6277926710369366,0.9818544887303782,0.0699517651998671,0.9438498917468064,1.679398188888496,0.0089964260764773,0.0057881236240361,2.857480759066385,1.113382052936192,2.3056588121364623,1.098914164681691,3.342845055882098,4.095457772188984,1.106936568171392,26,20,6,0.7573745985647368,483.4516371864949,90.81118639078916,491.6033920960462,433.9747421791853,88.75228982702133,459.8654282708088,579.405695428442,209.40356379318771,0.3614109516792791,0.2243324169360486,0.1138673695222238,0.408025085017272,0.1896349440287946,0.8355407098155349,0.0624776057963643,0.683367176135858,1.025250639242911,0.1716361804256976,0.9168974485545802,1.364949854876278,0.0136800675055276,0.0068979654002387,2.4611420474667085,0.9056867290232044,2.0199441693118367,0.97845992747612,3.542220538496227,3.438050954409834,1.2719898335290354,-0.0193677402662845,-0.0919946497910084,-0.0726269095247239,71.08770619807291,53.7421801914507,-17.345526006622208,-1.6936910075480114,62.18996029764412,63.88365130519213,0.0015383235238467,0.0062219649528971,0.0046836414290503,0.0132044373385769,-0.6442023804405737,-0.6574068177791506,0.015228452945632907,1
S_00055,P_017,1.0.0,2.5,3.5,4.8,900,750,600,touch,Windows,Safari,1920,1440,1.5,1499,1291,60,54.05876480823217,10.362575847056618,23.596307965975672,24,23.79845206438485,0,1,18-24,Male,27,25,2,0.9311486005899048,395.2760099128717,83.00646939165156,378.62014532750976,381.2553071958176,82.29228672057468,379.8541861413468,493.1782174902885,169.81832338155897,0.3443345982426788,0.1483398070375139,0.101316156631215,0.3476417271770973,0.1432051505726487,0.8893202382078682,0.0728818839721199,0.8409241349867129,1.15524327157774,0.0886409376216523,0.9646288268972706,1.5208411293818689,0.0103781663054886,0.0053722753014966,1.9638771876751568,1.2938116453954112,1.174064557618801,0.9800248883023666,3.540898848634,4.732363634457847,0.8852773868016215,28,24,4,0.8653461970792874,392.8973055009611,78.28832716269682,382.3817650978795,373.8423306182531,83.26574975359873,378.3691587074084,477.5514808743566,159.91284686207268,0.3348599120021274,0.1670763940797085,0.0866618540913831,0.4685300805628847,0.1762123641604384,0.8871241404224146,0.0822752496020484,0.7610217795361972,0.9614485852005914,0.1243335602848776,0.9667553269745124,1.3825248706910114,0.010400787111482,0.0049614651304082,1.8491682847219697,1.0980724896475842,1.590781849294017,0.5235443591491102,3.396149265333308,4.638358884954807,1.3808722799722046,22,17,5,0.7794737791026692,409.7119977153638,99.3103891646202,406.67722500698846,363.9597159115236,92.5535640741486,387.7037039141959,576.4294557377843,167.0016919740037,0.289717484614409,0.2022306347099128,0.0783486393994926,0.4188944076670493,0.1612906847550977,0.842650421322611,0.0782385790679492,0.753423722872518,1.0913490360048408,0.1545257986883731,1.0458147485687783,1.481270930797183,0.0114731899891163,0.0063532372975274,3.1380914882753523,1.1985382458476896,1.4616744165253757,0.7333267780719325,3.442771884395428,4.0813565029274015,0.9984168458302782,-0.0658024035106172,-0.1516748214872354,-0.0858724179766181,-2.378704411910576,14.435987802492091,16.81469221440267,-7.412976577564564,-17.295591284294005,-9.88261470672944,2.2620805993456977e-05,0.0010950236836277,0.0010724028776342,-0.0940047495030391,-0.6510071315304451,-0.5570023820274059,4.7837473281618745,0
S_00056,P_018,1.0.0,2.5,3.5,4.8,900,750,600,mouse,macOS,Chrome,2560,1440,1.0,2269,1093,60,57.41317749727888,13.601867337281602,18.739453941114093,10,26.948421793763508,0,1,55-64,Female,30,26,4,0.8505469931314718,447.92679832446953,91.57027330939376,428.708339868031,413.5243982869053,99.45373447741628,417.870691895565,551.949116837634,169.2221656715576,0.3065901557033153,0.2158903268874387,0.1645646022192117,0.4580310143546065,0.2329911305564743,0.8777039250866705,0.0843986604835194,0.68746233490914,1.1421751683541927,0.1734590885161538,0.9656158498752998,1.3194670179239996,0.0110242910038488,0.0072507349460277,3.741855607834869,1.4216869129361618,2.273692282793822,1.111479387233372,3.1508163406053185,3.6728205794025297,1.2215137141567831,27,21,6,0.7680386975667646,485.7952284457661,95.8236331414115,475.0457624486687,438.69352848535175,109.3933063073849,436.2531541890032,597.8356720380912,179.81672680444478,0.300779520551908,0.2288003368678811,0.1397726118993114,0.4667345493161989,0.1962483826948697,0.8447984823938822,0.0838051300762079,0.6039019249987896,1.058785366639376,0.1997042442262548,0.768227769355981,0.9293070886995722,0.0111136016432204,0.0065713770274278,3.670578014141353,1.4531836769029258,2.36894206226732,1.2069869257615335,3.216187076505745,3.284124686614484,1.198185634113584,22,15,7,0.670303620756533,488.2471714299166,101.9741259344423,476.78554807466,444.9670438824344,109.4858131403224,467.042903760064,558.6084381115118,208.4682132408428,0.3731920232813016,0.1872665704406697,0.1579858960013232,0.4348871033929706,0.2103602066878267,0.7851883442308701,0.0972356915763794,0.7354348102985161,0.7582161259130511,0.1758008518065401,0.6849620658018024,1.098977404134428,0.0138791726396048,0.0068044477649282,3.275591299195156,1.4910413103925717,2.128825369842065,1.3495272689497018,3.4226124540084726,2.38662591963682,1.4404403398710586,-0.0825082955647071,-0.1802433723749387,-0.0977350768102315,37.86843012129651,40.32037310544706,2.4519429841505485,25.16913019844651,31.442645595529143,6.273515397082633,8.931063937165501e-05,0.002854881635756,0.0027655709963843,-0.3886958927880455,-1.28619465976571,-0.8974987669776646,-5.258583702314684,2
S_00057,P_018,1.0.0,2.5,3.5,4.8,900,750,600,mouse,macOS,Chrome,1366,900,2.0,860,660,60,55.60518969831787,18.415035426734228,24.943913290023605,42,21.000722477410157,0,1,18-24,Male,28,22,6,0.7753850584622105,516.0036027331353,98.1043885557729,505.4374277047938,354.33219152339126,97.35223658397732,356.2684239758206,551.9355124003965,177.35017332178626,0.3213240846751843,0.199355042844698,0.0970368668828586,0.4866961687964096,0.2043747165075896,0.8444496029841044,0.0800953289195885,0.5484496630721402,0.825316787920307,0.1717831844851329,0.8666498269687439,1.00923558605482,0.0122891116186201,0.0069223753017845,3.628620235251593,1.5164902882886029,1.392112371782667,1.2554061804903844,3.0494780885743875,3.101429826717159,1.2180867280486587,30,21,9,0.7066742794034001,520.1575062683161,111.86389342056567,519.4528633238236,407.55484927686695,90.97072207873596,395.2436636979042,539.8931191742076,202.60283087275695,0.3752647027297693,0.2239675647383298,0.1375976752877686,0.4257860993988517,0.196580032678054,0.839000162399289,0.076393081761793,0.6168743322400893,0.877555802681572,0.1386392530039795,0.8822552896512625,0.9019167743044793,0.0136714576511781,0.0085951534221045,4.098980040462165,1.473104996913962,2.37735489917639,1.019197228295167,3.274561130914154,3.429367422995471,1.1252711687857808,26,19,7,0.7212190322535162,588.6721087919603,113.46211675929372,608.83803084121,426.7124269550797,113.2182705259429,427.42938110260496,656.2749945638061,195.03126022307904,0.2971791731188947,0.2684840188717352,0.1363483818116312,0.4796536089015329,0.191494395704578,0.7699873649705967,0.109650778226129,0.5461234481995727,0.8734651388414363,0.1571769826232097,0.7077932260582838,1.0227111494205934,0.0164432253281313,0.006454986472633,3.5027899957301347,1.4262365016800862,2.863565912230967,1.47492737337533,3.5370625717558744,2.9724323237101364,1.3542490251427417,-0.0687107790588104,-0.0541660262086942,0.0145447528501161,4.1539035351808025,72.66850605882507,68.51460252364427,53.22265775347569,72.38023543168839,19.157577678212704,0.0013823460325579,0.0041541137095111,0.0027717676769532,0.327937596278312,-0.1289975030070227,-0.4569350992853347,-6.763859210133255,3
S_00058,P_018,1.0.0,2.5,3.5,4.8,900,750,600,touch,Windows,Chrome,1536,864,1.25,1037,689,60,56.45025045831878,11.934566969195464,24.10099754505132,21,14.734367975078667,0,0,65+,Female,26,20,6,0.7524162748113776,514.262063347176,108.16307367566192,487.08155498099416,402.4070076625876,96.72764653887164,417.8790300314111,570.6304565198717,170.92436699546468,0.2995360045061184,0.2267030925392731,0.1652831650546069,0.4996174585774312,0.1880864834818909,0.8625552647030954,0.0920305130920436,0.5839992395001766,0.7489778610819064,0.1337440130390121,0.9472483246025208,1.3433599395766245,0.0127561906638761,0.0069848895877752,4.451386956993721,1.7104293870317164,2.20724958871644,1.1323474560058986,3.1678633184943634,3.573072229312051,1.1818865680521082,29,23,6,0.7951543452877889,485.9874840536253,99.44619056638504,493.2348623830849,428.3852288818904,116.9648185684647,416.3647182417124,639.4081046397471,186.74156129198133,0.2920537915252021,0.2296878252536283,0.1159086206509351,0.5113376646939208,0.2147638210224188,0.844305853904201,0.0903630673295599,0.5631401269850076,0.8335455904122839,0.174780680436385,0.6923712618219608,1.152779681882717,0.013663529549365,0.0061884991783584,2.8791532113568827,1.4221325468867607,3.0378821181383,1.5220074002951025,3.373306431600515,3.848719019257928,1.280629304503312,26,19,7,0.7227908078758929,540.3474145560688,112.55457374884836,550.5100513092783,424.6105611415608,119.47382965007256,432.31015041121697,611.1064650241759,189.4074714704922,0.30994185516103,0.255926904658639,0.180212575137438,0.5752988233771678,0.1717253914102014,0.7786969466911098,0.0821277867621845,0.5786459713556035,0.8630371970308747,0.1606113423786464,0.7593664710101558,1.0377536777989995,0.0177556420341866,0.0077940959613281,4.308924880785084,0.916043793655852,2.829531619507435,1.6037126587586303,3.682919360505503,2.023535681841035,1.2400565920442843,0.0427380704764113,-0.0296254669354847,-0.072363537411896,-28.274579293550687,26.085351208892803,54.35993050244349,25.97822121930284,22.203553478973163,-3.774667740329676,0.0009073388854889,0.0049994513703105,0.0040921124848215,0.2756467899458767,-1.549536547471016,-1.8251833374168929,-7.581671986525373,3
S_00059,P_018,1.0.0,2.5,3.5,4.8,900,750,600,touch,Android,Safari,1920,864,1.25,1319,650,60,51.16102220134282,11.88526894186303,14.6303850314933,20,20.218662354957857,0,0,18-24,Female,26,22,4,0.8449060259951944,489.8023432107298,101.21981988608624,476.9779469132595,390.1398376679036,93.30703408606256,395.60853779798975,578.1012099207554,191.61503374407275,0.3314558600739459,0.2288611037209038,0.1302116031756,0.4744714747921635,0.234994081628184,0.8255948120047936,0.0940442924770569,0.5896009687683742,0.832040366867961,0.1125720969011855,0.9228271530709864,1.156674367937759,0.0140576328898476,0.0066378858592611,3.231281866357772,1.6944771435548291,2.727796614697717,1.2306225498890986,3.314172582470948,3.4183180055528912,1.2876342259384683,24,19,5,0.7785965648635041,502.2204147593369,120.4738754325896,506.9579272841343,438.0769823092172,107.1439239037041,437.79060925494224,596.5363323654481,190.43858529250312,0.3192405474069889,0.253654241090412,0.1319282049034394,0.4845833884741492,0.2053909838929231,0.8355138298912927,0.0915941709343724,0.6596739573399917,0.8908893280141803,0.1524315765780679,0.7821015047558908,0.9346052904571892,0.0121634346644793,0.0067285955775695,4.175815666656128,1.445227281589334,2.464237976769628,1.434196319217621,3.55267656993384,3.598695339960348,1.1609258705110284,24,16,8,0.6792171577786866,597.6991497963886,118.72174220908695,601.7135557698298,480.7337702555073,117.33249227733432,487.5911651066465,647.4435219171315,221.18733804788607,0.3416318652674643,0.2371721311000633,0.1454321584946963,0.4795388091008257,0.1855136394076373,0.7741601244311336,0.0973638200518815,0.512157871183399,0.6843476961871902,0.1746163406126727,0.6727863622904819,1.0871068449655683,0.0170556050775548,0.0071800584263206,3.968424129795992,1.5265405641048495,2.247090408004876,1.2962528614158757,3.9492828705617296,2.6243748012524795,1.2710206150388523,-0.0663094611316902,-0.1656888682165077,-0.0993794070848175,12.418071548607088,107.8968065856588,95.4787350370517,47.93714464131358,90.59393258760366,42.65678794629008,-0.0018941982253683,0.0029979721877071,0.0048921704130754,0.1803773344074564,-0.7939432043004118,-0.9743205387078682,-8.168365976800649,3
S_00060,P_018,1.0.0,2.5,3.5,4.8,900,750,600,mouse,Windows,Chrome,2560,1440,1.0,1979,1323,60,60.0,14.9707961734565,21.81628504671234,29,13.215876491953598,0,0,55-64,Male,27,21,6,0.7920063981414495,437.7481517760766,82.75619661684529,456.5173612789169,397.0233231150711,99.02571695621394,403.7475410241375,613.6180685653694,160.83220642863776,0.262104743435377,0.1984291910665247,0.1138680826093365,0.4806420860691988,0.2374098292969729,0.8215742352571537,0.0842681878216938,0.7014005242881755,0.7777670617171033,0.1467932951555033,0.958204968934122,1.3199392910876475,0.0123713563080183,0.0085338832369316,3.9204572172033134,1.342202727553919,2.026777070612269,0.9319511054058724,3.346544622564307,3.2009510178273555,1.1780610219219314,31,23,8,0.7516923969716585,497.3743576737227,124.24591505438283,499.1983365289209,407.07602573763575,105.30650140148744,404.2010220078895,633.025794532602,186.0650270593569,0.2939296134002549,0.2162209613647016,0.0997851192541904,0.4203271932178109,0.1587456432075395,0.8403973578015623,0.0741073137093661,0.6709404002316428,0.9245699880143572,0.1425758786340482,0.7836320596552885,1.2269708718958194,0.0115392149722945,0.0057876028467341,3.8564265638049937,1.42552040231582,2.2960115969275576,1.244233724567355,3.321339780966605,3.455127065712284,1.0934199422642934,24,19,5,0.7714944306205397,508.688351856339,124.3779391236406,511.52138459590617,460.6260805992828,111.25763479864172,446.8638595374822,586.0272127894589,216.1292437812441,0.3688041085199443,0.2827182225423511,0.1302857574312444,0.4945604160464268,0.1849906841664784,0.7930818494321756,0.1048440364973656,0.5169498056291636,0.653895547007071,0.1960776357443691,0.8454203047317775,1.5134758420881562,0.0137103037448693,0.0068992619880416,3.444815818054133,1.3832564038903548,2.080261416216748,1.2529380389516134,3.5325211125238507,2.808928331191123,1.157392478930662,-0.040314001169791,-0.0205119675209097,0.0198020336488812,59.62620589764612,70.9402000802624,11.313994182616284,10.052702622564652,63.60275748421168,53.55005486164703,-0.0008321413357238,0.001338947436851,0.0021710887725748,0.2541760478849282,-0.3920226866362326,-0.6461987345211608,-5.2913363460212,2
S_00061,P_019,1.0.0,2.5,3.5,4.8,900,750,600,mouse,Windows,Chrome,1366,768,1.5,953,692,60,60.0,15.626523879313394,22.89087610097941,0,17.5783084679139,1,0,65+,Male,27,25,2,0.9383092624513504,383.4705577562566,71.73707289825023,383.1093966589979,284.6513827102226,75.06721315503246,274.6083092827331,451.7575260644618,140.35880147111104,0.3106949931611832,0.125592736154615,0.0858252611411922,0.4303281863138116,0.1602509272480334,0.8917652005464519,0.0662484952076654,0.7049589012869089,0.8332597382300834,0.1259992241946198,1.046064083224484,1.6796736096396647,0.0077362211836249,0.004903642774493,2.1140926928960253,0.4534067776930272,1.331292532438341,0.8311459229904903,3.422905834027272,5.16628474103176,0.7708894677706606,31,28,3,0.9119235622158932,373.8194251015473,78.16058889647701,370.8628763384793,329.2275790675278,94.8246942777045,325.1401147256333,498.1791357652371,169.60402830309965,0.3404478753261641,0.1880460764823903,0.1144645312996367,0.4381687630118301,0.1709660776719665,0.891164385173998,0.0817879353277256,0.75028547534113,1.0042750573024894,0.145223967759629,1.1395725418884124,1.488346170849914,0.0083989155754106,0.006402794970893,2.417902372645262,1.05104054497638,1.353248922285285,0.9072825363455992,3.316743731016845,4.236128590223945,0.960299569890766,24,19,5,0.8059975516494589,435.7729304563102,103.90687384533328,421.224465051479,356.45799847652427,96.76354379898328,355.5224617070038,480.5299642844185,182.58526273773427,0.3799664460251323,0.193711276939675,0.1506633894550769,0.4639029847257382,0.1730154325523812,0.8599947659052276,0.0710334372574255,0.6636458121635816,0.7049673448995923,0.1097412472320594,0.981697661659616,1.0158667699282686,0.0099027602529599,0.0046920084375601,2.3395644080849927,0.8555795744992785,1.5933565910278484,1.185721986227453,3.5833217922235905,3.7805416811601416,0.930691052348386,-0.0263857002354573,-0.1323117108018916,-0.1059260105664342,-9.651132654709272,52.30237270005358,61.95350535476285,44.57619635730521,71.80661576630166,27.23041940899645,0.0006626943917856,0.0021665390693349,0.0015038446775493,-0.9301561508078144,-1.385743059871618,-0.4555869090638036,5.667655456112604,0
S_00062,P_019,1.0.0,2.5,3.5,4.8,900,750,600,mouse,Android,Chrome,2560,768,1.5,2395,672,60,52.90107811241592,16.673719311861113,23.027748571248484,3,6.463774654836989,0,0,55-64,Male,24,22,2,0.91394812166416,392.06118929213096,76.812388858898,390.4458944997064,307.8337086056944,81.21290072134941,315.6566176619323,452.3889041351296,153.13151988566946,0.3384953045619543,0.1511046121625624,0.0640221379377809,0.341478413664869,0.1396272308228865,0.8884817208995467,0.0754305136208443,0.7806566997451183,1.158490224349022,0.1176285971109513,1.1121704036722069,1.5534298323910751,0.0085717750288488,0.0062279797748934,2.357804739520096,1.1009446800319571,1.7456355775609398,0.4001365563901898,3.1564305238789325,4.654629754464351,1.1421966365131049,25,23,2,0.914197865334702,355.4631977010911,98.57561771925216,373.0348754914851,318.96395655604425,82.15473864222744,322.78243422163524,445.8867968401991,168.67759009147542,0.3782968934869081,0.1854468894727058,0.1236533925753892,0.3901414614108958,0.1617809063526669,0.8815326157237733,0.0881662347407425,0.5979975182598756,0.7331641963811832,0.1146833775079518,0.9311472802953352,1.2423992267046675,0.0092681427606567,0.0044709419238133,2.255827193265125,1.1513554620727215,1.4734340827935963,0.778655258097122,3.2951352625019195,4.3990536961165,0.708246270090706,28,22,6,0.7961259785427751,456.056058826624,100.21470813119775,438.50506276332914,350.26818559296254,89.25793113134695,365.1776874424514,508.5497093177633,194.1110018567158,0.3816952370636929,0.2262086525366237,0.0796098947560266,0.4139967912547131,0.1610486472116369,0.8610532718580218,0.053688177690693,0.6185597533151146,0.9273148905798028,0.0919917892737574,0.9348613783096996,1.3091751495935258,0.0117207550201112,0.0049869099370619,2.4117369352050435,1.194639778464455,1.8758757942126243,0.7398908805005772,3.489658434502336,4.043765575372124,1.2270297911085764,0.0002497436705419,-0.1178221431213849,-0.1180718867919269,-36.597991591039886,63.99486953449298,100.59286112553286,11.130247950349826,42.43447698726811,31.304229036918287,0.0006963677318079,0.0031489799912624,0.0024526122594545,-0.2555760583478506,-0.6108641790922267,-0.3552881207443761,5.327712620139125,0
S_00063,P_019,1.0.0,2.5,3.5,4.8,900,750,600,unknown,Windows,Chrome,2560,900,1.5,2351,753,60,53.82310003593505,15.02395008439422,24.821750964064677,17,25.00010982655275,0,0,45-54,Male,30,27,3,0.8948889302988091,292.9998587951301,70.59609007473497,293.9155785807937,312.9012796829591,89.86973523395852,305.908322395062,469.1019988540937,143.38866257257592,0.3056662792374384,0.1698327310919888,0.0866971665892478,0.3727902376325753,0.1367142132296306,0.9406290575253112,0.0731746771862144,0.7506263326702161,0.9868917314320192,0.1086923908965222,1.0399527979474574,1.3097822046905674,0.0068685270342631,0.0052639306808609,1.704256435449609,0.8942422093714172,0.8616658642932946,0.8542734325484088,3.172816484181214,4.720502455920983,0.9685609188662828,25,22,3,0.8941821262163501,397.0372636957017,89.67151582339643,400.6473178752376,321.28362845406764,74.04842512237916,328.40150654212465,490.9361924107715,144.08023989951025,0.2934805828675935,0.1676702062309438,0.0791902420741593,0.3451689945945826,0.1748874980496925,0.878762644644088,0.0608793512839594,0.7013101404055414,1.0020744573731897,0.137997529861756,0.9992879515675864,1.3169534453681992,0.0106573853230732,0.0031145230772615,2.8742256042989496,1.4738138167892405,0.6305831319838915,0.8192446714596234,3.2121579452195657,4.380409258129013,0.8759875568005864,24,19,5,0.8109649611252334,389.5254465421911,92.07220652583734,381.8036829877549,337.64916861758684,77.42988074119882,313.736255007563,500.5635052911963,170.21423692050467,0.3400452392578735,0.1823931553320835,0.1094611297140394,0.4727824489575246,0.1700980524669823,0.8250836336006052,0.055408453546113,0.6950542587040676,0.9128662747600756,0.0924603502414646,1.0438569862502276,1.2309089025680058,0.0129298899064282,0.0067456013788255,2.316176734081012,1.072788284407603,1.318900224184656,0.9634805825387978,3.4092711364848443,3.6005470153897465,0.8953450690050273,-0.000706804082459,-0.0839239691735757,-0.0832171650911166,104.03740490057164,96.52558774706102,-7.511817153510606,8.382348771108525,24.747888934627724,16.3655401635192,0.0037888582888101,0.0060613628721651,0.002272504583355,-0.3400931977919699,-1.119955440531236,-0.7798622427392661,6.927206360997014,0
S_00064,P_019,1.0.0,2.5,3.5,4.8,900,750,600,mouse,macOS,Chrome,1366,864,1.5,1088,724,60,60.0,19.93086054635719,22.88132868063711,0,17.993920604780307,0,0,45-54,Male,22,19,3,0.8751729373795205,345.62167940442737,78.87928055206766,341.8775949392032,287.473098340703,78.53306398570642,269.2807968461088,521.1662224572979,139.79203936401103,0.2682292776091509,0.1292021428381663,0.1139563401451778,0.3199966205255377,0.1869628163335349,0.8985886498185132,0.0906928702137147,0.6746127896576511,1.0347903366825912,0.1027495572795973,1.0030277927175475,1.1475512729357258,0.0093695952616557,0.0059141240855709,2.780641811342204,1.2492073927309322,1.2408247517103137,0.6849254883956073,2.9947262849716423,5.2294375650848135,0.8689718624774304,30,27,3,0.9073263428259004,411.4060030691958,91.01909006069238,416.0090277576003,359.9228597957781,84.78012750365812,364.3534192934038,530.2595025723905,158.41021887359406,0.2987409336468573,0.1591729054490455,0.1167562695250943,0.4055998983629058,0.1745379342510374,0.8697832018090942,0.0602886539611311,0.8177147620621882,1.253308131353817,0.1344354332411206,0.969054581944394,1.2740068859702331,0.0117494645704328,0.0048841566632266,2.0535682760169287,1.4220442752861042,1.5846900459128723,1.2393830708218794,3.1102412133965,4.535173753085574,1.2963603950016025,31,25,6,0.7975993119887275,401.8854041076836,105.23861144342268,413.4373253472939,373.5132303479333,83.22787536801165,354.8304951467641,579.1203209151023,176.49602927371404,0.3047657333018849,0.1766566223120834,0.135477875000734,0.4211415162203483,0.142655637199531,0.8108180387267272,0.0659202156890029,0.6172291578099776,0.7924906574272386,0.1480479086898356,0.9289233184423268,1.3322773257593834,0.0102309714122897,0.0053031557671583,3.4029510193902563,0.9779001245534344,1.960322181682932,0.5725925596254225,3.7120159183625305,3.694786723980296,1.1432780526050854,0.03215340544638,-0.077573625390793,-0.109727030837173,65.78432366476841,56.26372470325623,-9.520598961512178,72.44976145507508,86.04013200723028,13.590370552155209,0.0023798693087771,0.000861376150634,-0.001518493158143,-0.6942638119992397,-1.5346508411045177,-0.840387029105278,4.2832018110070935,0
S_00065,P_019,1.0.0,2.5,3.5,4.8,900,750,600,mouse,Windows,Chrome,1440,1080,2.0,963,945,60,60.0,18.415868440055085,23.24525255755549,8,20.89734769179236,0,0,45-54,Male,22,20,2,0.8885814004625023,365.9217219647055,73.47903219916516,330.73572638029043,343.0378879726241,80.40351102611204,328.9725328429038,408.3434019476905,108.91997552197674,0.2667362200600209,0.1465845219439754,0.0754756125806069,0.3789956251718482,0.167160028264547,0.9238379467878386,0.0601408078835724,0.7877939524974072,1.0395207156756752,0.1099970816513107,0.9983814861840024,1.5558517571633206,0.0081494265726203,0.0069265269961362,1.6904858793698283,1.1790344225176017,1.3582718421480684,0.8073032325615154,3.294847301070132,4.647163298929911,0.573556915321269,24,19,5,0.7731860683652264,424.9512403650485,97.3655153893621,396.6411261712093,342.50494980281684,73.8776797650765,347.5399559146289,502.0170966692687,144.1795982252102,0.2872005738087371,0.2055418376384509,0.1478369530455238,0.4184422119272035,0.1628296205186851,0.8555303172515377,0.086987786687885,0.741627758731856,0.9569280309225826,0.1246703772261398,0.9637657157075116,1.335796991675784,0.0073409892689964,0.0062394319618848,2.204876924388448,1.262229126653293,1.495831532963741,0.8456117741380724,3.138152385756207,4.657788957202617,0.8414757227914045,31,25,6,0.8077035276429317,428.9712909501811,82.07467220458247,432.4333789325014,387.4601191413346,89.3920539048684,390.1569001918945,540.1014504111181,173.79576510128183,0.321783555606064,0.1765600331312215,0.1023199729793109,0.458515986005475,0.1420233765073072,0.8411400190313101,0.0577071344869737,0.743881515713921,0.9827985308933757,0.1144429027805317,0.9702241147467768,1.139684082512459,0.0095944462480743,0.0036922112427806,2.1479296458197576,1.301936471326452,1.582236886931448,0.966096740425164,3.358554787006612,4.1657108276633945,0.8189394157551708,-0.1153953320972759,-0.0808778728195706,0.0345174592777053,59.029518400342965,63.04956898547562,4.020050585132651,-0.5329381698072666,44.42223116871054,44.955169338517805,-0.0008084373036239,0.0014450196754539,0.0022534569790778,0.0106256582727057,-0.4814524712665164,-0.4920781295392222,5.53760212205728,0
S_00066,P_020,1.0.0,2.5,3.5,4.8,900,750,600,mouse,Windows,Chrome,1920,1080,1.0,1334,716,60,58.42524481825257,14.480727819031408,17.953281691325227,52,21.77861464532024,0,0,35-44,Male,29,25,4,0.8460208550606817,397.9222815701796,79.61178403946647,401.3722695105964,346.6647604900523,86.96280016599033,363.4821742627424,550.4621972433574,162.33502678315418,0.2949067667064273,0.1850002957584239,0.1496239141457166,0.4084708922106765,0.1662860446862518,0.8678411595616881,0.0784759235952255,0.6922422409367684,0.8425585125445556,0.080340673520255,0.906723077033886,1.3106969269769193,0.0102846253174718,0.0072396733988716,3.4102778679175856,1.3598905401008563,2.234815657245375,1.1593726978094965,3.456484888389108,4.815720837035403,1.2486926149737112,31,25,6,0.7987694356169363,445.3737037186511,93.69849063965604,436.05492955522527,368.39839105987465,89.79210175412723,396.66042968201424,606.3140927693286,169.29466519689242,0.2792194131982684,0.2083151766181059,0.1499581124751443,0.4486135602850679,0.2096892526227849,0.8299616758855982,0.1043749551864351,0.7211459956007731,0.99625029469917,0.1613039652334251,0.8341836650761625,1.1408914332607385,0.0134466134526951,0.0041730587481508,3.0922663603155915,1.3144590177781934,2.590827209569556,0.6894267554124249,3.561444658554745,3.612107304931344,1.038966420370094,26,18,8,0.7108662691662635,452.0108348060757,107.82936807008952,468.695813527796,426.3110384801199,94.21722305660847,440.8674441503037,560.3326263296943,194.0523918120318,0.3463164247334997,0.218256502632754,0.1214865809475722,0.485090981016915,0.2024508076132552,0.815794525956837,0.0699589691346965,0.6295952096224607,0.9360731599549492,0.1199878724614772,0.8126455263048876,1.0547674919104464,0.012608504575011,0.005279085025419,3.47889954037083,0.8869971455174792,1.7721438553645796,0.9392400770545796,3.457652079379021,2.806796709533123,1.0150055129597375,-0.0472514194437454,-0.1351545858944182,-0.0879031664506727,47.451422148471465,54.088553235896086,6.6371310874246205,21.733630569822367,79.64627799006763,57.912647420245264,0.0031619881352233,0.0023238792575391,-0.0008381088776841,-1.2036135321040595,-2.00892412750228,-0.8053105953982205,-1.3872069322795795,1
S_00067,P_020,1.0.0,2.5,3.5,4.8,900,750,600,unknown,macOS,Chrome,1440,864,1.25,1143,667,60,57.44102319866786,17.029022986735146,23.40106894255196,7,25.98832884698669,0,0,25-34,Male,24,20,4,0.8407710164175746,441.6763596624479,90.05826843639292,416.4717530727729,368.3278105038864,82.9563538626255,373.8431915367735,485.0530977850965,170.60118990151523,0.3517165248104452,0.1681053819074407,0.1449667023505754,0.3872194229935938,0.1855485662862855,0.8984988692097183,0.0599793980071738,0.7888983279623273,0.987864104298554,0.1258256449500633,0.9749827592520416,1.4339021176693745,0.0107111996380715,0.0071475714490473,2.912759090907443,1.582213601074666,2.031791695526892,1.4154551337777712,3.3351618260356486,3.4487332546364438,1.5141934315593302,27,23,4,0.8515058155041084,453.68104799844747,105.99059071423088,464.0082316614344,400.2732998021379,90.17597055957296,381.3252624630592,566.8627291266465,188.29194259963887,0.3321649720907499,0.1592240685307693,0.121292283711048,0.4563240236653899,0.1874760354356146,0.8707175383141262,0.0778428262020357,0.6604244060244495,1.0521716177542486,0.0894299572379133,0.9462358485805812,1.2461531246815485,0.0101318965438516,0.006486731089617,3.43611132446218,1.4378661393650414,2.014559523398524,1.1976762225533435,3.4502101847668767,3.690165853982727,1.0185659470029227,29,21,8,0.7301824741143864,506.7575456421649,105.36469414370872,522.4502789381238,382.7611522301637,107.05614653949924,389.3224932973344,595.8729147150106,209.24840658615224,0.3511628090802381,0.200927116423161,0.1221009896965636,0.4634866502270748,0.1905985948193796,0.843477594008178,0.0682073505067861,0.6454749482080064,1.0192578012072506,0.1476761960276848,0.8543600239633788,1.2671274293111172,0.0136575993475167,0.0067325394727081,3.4976430162992043,1.0336429119450747,2.5981733819819954,1.2558846622392017,3.511912434053545,2.705791441362952,1.1053161739011403,0.0107347990865338,-0.1105885423031881,-0.121323341389722,12.00468833599956,65.08118597971702,53.07649764371746,31.94548929825152,14.433341726277265,-17.512147571974253,-0.0005793030942199,0.0029463997094451,0.0035257028036651,0.2414325993462833,-0.7429418132734913,-0.9843744126197748,-1.059919510353818,1
S_00068,P_020,1.0.0,2.5,3.5,4.8,900,750,600,mouse,Windows,Chrome,1920,1440,1.5,1205,1321,60,55.829776574510255,17.40292972316396,23.233402880993086,0,21.098485696526428,0,0,18-24,Female,28,24,4,0.8472121174492165,411.2943848049296,110.07504270156656,422.8552620774028,348.9001597078761,111.36142840095408,343.8480000783495,471.76689878092617,172.6601746859256,0.3659862002444211,0.1618389554685103,0.1382077189911241,0.4137241092889239,0.171230571845234,0.9121435661240184,0.0856772579441035,0.7485435165323715,1.050733878074765,0.1111375983591602,0.9926623652429636,1.5240446741456326,0.0102047559487785,0.0078029670460976,2.941121990506541,1.2426613983045445,1.8761081801809008,1.0276460920561914,3.0123141821607518,4.167415178685636,1.1333766390638416,23,19,4,0.8280420144802529,444.6121537639444,102.20277954630126,434.6654680479585,384.4026656304968,80.0728924035929,362.91399276632274,539.1000371375654,170.80656982083968,0.3168365016774316,0.1911893162785455,0.1102582557137114,0.4843747191100601,0.2077473752427438,0.86484813481902,0.0789382428732038,0.7008499439105987,0.9597055817229234,0.1282220304685602,0.943534970330332,1.2273613082885153,0.0115810452795073,0.0062055453673727,3.0821015177289475,1.0764374968551005,2.1937031267385176,0.8189363676725655,3.2341150022568144,3.653816676517638,0.9393909004066148,27,21,6,0.7909815724206819,452.6531546003217,98.62191371825772,433.8220389430221,398.347945841727,97.70545405290412,410.4922938527254,606.0195143543494,201.12091028913264,0.331872003335414,0.2374186513350022,0.130777085398901,0.4648606510006287,0.1695389554962625,0.8068608806141463,0.0929122996851278,0.6671342582462406,0.8339377509821897,0.1492231241994849,0.8578594993159381,1.0386278934600754,0.0131091259484341,0.0055858317775119,2.7879124427075035,0.9044383775218696,1.757521170813854,0.9259134407237386,3.4712357544362624,3.040585163661838,1.1978095804112507,-0.0191701029689635,-0.0562305450285346,-0.037060442059571,33.31776895901481,41.35876979539211,8.041000836377293,35.502505922620685,49.447786133850855,13.94528021123017,0.0013762893307288,0.0029043699996556,0.0015280806689268,-0.5135985021679983,-1.1268300150237982,-0.6132315128557999,-0.032798371694817606,1
S_00069,P_021,1.0.0,2.5,3.5,4.8,900,750,600,touch,Windows,Firefox,1440,1080,1.5,1137,653,60,48.68662743990839,15.385701586973733,24.14039916657408,28,18.769265522548512,0,0,45-54,Female,29,24,5,0.8430016965406437,449.9076527128102,82.86896238328154,443.6046451098614,314.99498579817305,76.3524001939398,309.3948642212039,476.0966919677616,167.01385970027172,0.3507981939760692,0.1993483934931152,0.1107864168635463,0.392557052765598,0.1713290884008171,0.8594645225394484,0.0793942747787968,0.7018532483727562,0.9151320336011391,0.1543000055216483,0.8955776290323519,1.454292605920649,0.008519423217323,0.0061134186058371,3.1016908885461465,1.4343996376297832,1.6942431486377283,1.1171100993986087,3.263176862549634,3.978526347370087,1.198488645956551,26,23,3,0.8655663981969778,458.23097878030165,100.93726139152136,448.1486541072911,353.6093144681991,95.0069256728151,365.8104293662614,525.3860088703569,205.03874225626151,0.3902630424002334,0.1941539988836917,0.1060093386320274,0.4742031188028657,0.1618592806610644,0.8458323860393385,0.0928969320388176,0.66888709539375,0.7314954499785665,0.1436926130043643,0.8881832846671845,1.4691610076467212,0.0103720016503399,0.0070918670096215,3.578727938073204,1.0379395624168053,1.9423566117203408,1.08382121021323,3.1913981371168743,3.902108291225287,1.072358112258441,25,19,6,0.75375978481665,481.0200800432,105.91745651156432,490.0024752250517,400.4254121283069,98.57642757656616,400.9625038231364,563.4723248966483,193.86871016972424,0.3440607490443892,0.187523996103364,0.1062034955397329,0.4558278066497382,0.1636905169772998,0.8545647292193099,0.0805950288262055,0.6345872010396473,0.826599516083792,0.1488972423104527,0.7898681539092488,1.1143955984949878,0.0115157694288975,0.0057632374511394,2.1724820986059195,0.9825275654904144,2.685498439302099,1.172175705205848,3.681855900387285,3.8012075042623694,1.2070442690090113,0.022564701656334,-0.0892419117239937,-0.1118066133803278,8.32332606749145,31.112427330389774,22.789101262898328,38.614328670026055,85.4304263301338,46.816097660107744,0.0018525784330169,0.0029963462115745,0.0011437677785575,-0.0764180561448002,-0.1773188431077175,-0.1009007869629172,-0.17774669640711002,1
S_00070,P_021,1.0.0,2.5,3.5,4.8,900,750,600,mouse,Linux,Firefox,2560,1080,1.5,2177,841,60,60.0,20.92579170956096,26.455416337473697,14,27.4162915835522,0,0,18-24,Male,29,25,4,0.8544140791939406,391.45010125052977,103.27492338055688,396.68651370062855,384.0616051948092,92.35033899294874,367.6120464656431,531.2339681720961,132.6166311377067,0.2496388391616268,0.1900849383157725,0.1299757278610329,0.4008953556213982,0.1889114037864596,0.8638372452587729,0.0695532558560753,0.7097278819592606,0.8920808638515251,0.1178340064030595,0.8878115272008996,1.4231333168205216,0.01053478482712,0.0063771793554358,2.6324012126684724,1.3521892714289898,2.353835181980224,1.174284093730808,3.3030300442002285,4.180537258282547,0.9376755337368322,25,19,6,0.769443340193768,456.7600872534245,93.17388300895465,472.7281426247645,356.9700642526405,82.61240257404722,360.0483709407517,556.4740539058412,164.575386381392,0.2957467382823192,0.2085208903003658,0.1172849178796333,0.4826403890168172,0.1827290754173041,0.860984231581333,0.0850129329718473,0.5760500852465936,0.8151711041581325,0.1132491087112272,0.882623587835811,1.1208539652512075,0.0123691036200073,0.0049557251974238,3.054536404534806,1.3740990234906476,2.401318438237721,0.891878378656662,3.3226626458310764,3.672808126742076,1.376780872164922,29,21,8,0.7109938287926107,564.7963344118047,104.99601707725265,593.1612415603538,411.46257620308864,79.43365050740546,408.5715276536148,620.0464433542398,179.19625738081936,0.2890045726436696,0.2221279076016712,0.1444346738051791,0.4220167174502197,0.1595301664538099,0.809695310318986,0.0754574469742322,0.5904602923351171,0.6888102540063344,0.158647860416231,0.8387457305483963,1.2711243046833511,0.0137367583205005,0.006504769607386,2.798132732610985,1.3581342173069832,2.27577984690369,1.011392268703583,3.641239656458621,2.864554241442113,1.3473895795023567,-0.0849707390001726,-0.1434202504013298,-0.0584495114011572,65.30998600289473,173.34623316127488,108.03624715838016,-27.09154094216865,27.400971008279495,54.49251195044815,0.0018343187928873,0.0032019734933805,0.0013676547004932,-0.5077291315404704,-1.315983016840434,-0.8082538852999637,-1.7353177133737991,1
S_00071,P_021,1.0.0,2.5,3.5,4.8,900,750,600,touch,Android,Edge,1920,1440,2.0,1366,1237,60,60.0,15.629605058357075,25.15029208962388,21,14.930646714733143,1,0,55-64,Female,25,22,3,0.8676988030088755,351.0060779131845,79.39125702529742,339.5560662274172,321.0634308358837,80.9764076009203,317.0016634716153,562.6221512867522,148.7308576337136,0.2643530072421727,0.161842551979397,0.1154259554441297,0.4234771306423825,0.1733899342261178,0.9062730608166566,0.0702459970567351,0.7201085635727932,1.0235340888024351,0.1084702145759226,1.0264053416889989,1.3987491228753512,0.0108307556471323,0.0060178476467508,2.6271823056862824,1.0382703563705264,1.5226402577936269,1.2184408267910534,3.29532656667805,3.981525108894254,1.100691044503523,23,17,6,0.7542533713701641,419.0761082296338,101.92565679997912,420.9532920603012,375.4267126349101,65.4588983374542,380.1337560525439,547.0267047690518,176.33550121150492,0.3223526377673859,0.2119594203877469,0.1122697157385711,0.425980067169355,0.1498325221858424,0.8571972630554764,0.0656216847630418,0.5917070109135701,0.7114854865003007,0.1586485689301191,0.9186863620238718,1.3016679664773765,0.0100772427006068,0.00403319251925,3.091065727063274,0.7303090797692797,1.725433966313496,0.9626385546352858,3.3545734465144785,3.72529855548699,0.797867308347052,24,18,6,0.745603913347637,446.8972749432422,110.1979041086807,465.1013166153294,407.7880447303526,99.05632460735922,396.2625838006926,563.3275614243067,197.6231175884932,0.3508138623447194,0.2138679033991776,0.1251627213057357,0.4104615089306622,0.1237093092482175,0.8360386309102574,0.0825492666474121,0.6668756335614352,0.8538837317908737,0.1746693158182471,0.8644341990282097,1.2775660519790653,0.01337944141491,0.007542483698451,2.917808629175458,1.034110126494567,1.6884281540263968,1.2840349321377926,3.547211636057281,3.6461343041351006,1.5410671670038862,-0.1134454316387113,-0.1220948896612384,-0.0086494580225271,68.07003031644928,95.8911970300577,27.82116671360842,54.36328179902637,86.72461389446892,32.36133209544255,-0.0007535129465254,0.0025486857677777,0.0033021987143032,-0.2562265534072638,-0.3353908047591534,-0.0791642513518895,1.2994092967276532,1
S_00072,P_022,1.0.0,2.5,3.5,4.8,900,750,600,mouse,Windows,Chrome,2560,768,1.25,2073,501,60,52.987051986226966,14.133434989289205,24.910939890306093,11,20.893088266630365,0,0,35-44,Male,24,20,4,0.8434413865479294,460.0480699222621,94.23352764310474,437.0921029004534,377.4270453643628,92.9278556762777,372.460144435494,528.648893126141,156.8776896069381,0.2967521386061154,0.1909130103558239,0.1221490301186351,0.4002428175151287,0.1789634655317618,0.8673344089194702,0.0986561194325596,0.6797460980300923,0.7416902378345209,0.1448194414772938,0.8509625390765632,1.2689245502797275,0.0111781338293987,0.0064069807330205,2.9788735601903,1.3154488101675172,2.5031556711807568,1.0860182164490877,3.3628304199771804,4.099516223699153,1.290007086003653,24,19,5,0.8123469972064443,468.53256919305227,107.72250183967184,483.12056169165845,384.2835952937663,111.60845676750851,395.7673920958237,614.0971503221795,182.77133020815836,0.2976260842641418,0.2075876496060175,0.1310967894955431,0.4229538994683553,0.1917182795899627,0.8163551429488598,0.0820422456479338,0.6682915094698894,0.9487943906568082,0.1143499572045369,0.9196373329732342,1.2685723686868629,0.0115860588156007,0.0073463446630162,3.1928851165843555,1.0868014038403309,2.834177092988565,1.0864927652879075,3.307792219327668,3.268762360547467,1.3669451147847436,22,16,6,0.705701662277335,474.1556050761519,104.76726229590584,454.25398606933,453.3277193889738,101.95722165158006,436.8486576892881,632.9613959641341,193.39618493209144,0.3055418326697603,0.2372718536711994,0.138579721821056,0.4616301258743802,0.1920834684923343,0.8113802165190448,0.0691270212049882,0.5715605151430158,0.7851937728991332,0.1809547275813537,0.689918374522491,0.9826924715669344,0.0133167047471678,0.0075597393230289,3.5703492236292,1.6791526009519473,2.7244981941256,1.0079056550282013,3.519948804483844,2.794625087373863,1.3188596674396682,-0.0310943893414851,-0.1377397242705944,-0.1066453349291093,8.484499270790195,14.107535153889785,5.62303588309959,6.8565499294035135,75.90067402461096,69.04412409520745,0.0004079249862019,0.002138570917769,0.0017306459315671,-0.8307538631516858,-1.3048911363252895,-0.474137273173604,-3.9692007092452277,2
S_00073,P_022,1.0.0,2.5,3.5,4.8,900,750,600,mouse,Windows,Chrome,1536,1080,1.25,1294,876,60,60.0,13.272250076125673,16.27743360179369,17,10.52368360515032,1,0,18-24,Female,22,18,4,0.8084480556882838,461.1096208817916,107.35136332994982,470.430572457652,388.2347065262032,88.77269970606723,375.3366244177719,566.0510727834117,164.79198204485385,0.2911256421342536,0.2289415241907716,0.1831345502535088,0.4668496379383361,0.2249564286718425,0.8703021898296949,0.0840833922106836,0.620213391205676,0.7163080356411975,0.1361807341273012,0.8047687768885298,1.0943358833121846,0.0109031153983828,0.0067268821645311,3.522678355414652,1.3788974124573397,1.7476775270367315,1.002872732929307,2.9720900971162623,3.671498881139944,1.3275944505171324,22,16,6,0.7359027400406438,511.0100865918821,102.37887568111594,528.0834683381358,441.4676521668799,105.65605381160373,430.0809063938778,573.4067476351988,204.9001192812966,0.3573381724688981,0.2185477241552394,0.1533496058853041,0.4632317790560675,0.1957999361796184,0.7771570736704153,0.0871206575830977,0.5934361805211157,0.794230226437455,0.1874033408162367,0.7372294767545611,1.0026922911889722,0.0118706490304746,0.0064502019937312,3.962350506084968,1.6984021534107316,2.276751703087665,1.0074953373643636,3.146430702710913,3.683277687328082,1.4202475069464495,31,22,9,0.6989454178399619,502.73625845592966,103.88648920361692,500.1768167001608,466.3158121416312,90.78267334164435,470.1715310680858,684.1393047708432,200.34704649144612,0.2928453972667945,0.2828121309976132,0.1532605020336475,0.4706307708840069,0.1944261535874967,0.7902067460473051,0.0806146740463318,0.4993882810413173,0.9302005120955446,0.1491323670606748,0.8530926280759381,1.1376199563211855,0.0148294989506286,0.0075758233909652,3.638361811746815,1.5163766572442454,2.119060576498833,1.2400383235919317,3.1137204813142545,2.654681447701866,1.380233293706778,-0.07254531564764,-0.1095026378483219,-0.0369573222006819,49.90046571009054,41.6266375741381,-8.273828135952442,53.23294564067669,78.08110561542804,24.848159974751358,0.0009675336320917,0.0039263835522457,0.002958849920154,0.0117788061881376,-1.0168174334380784,-1.028596239626216,-6.663287560313285,3
S_00074,P_022,1.0.0,2.5,3.5,4.8,900,750,600,mouse,Android,Chrome,1366,900,1.0,899,654,60,60.0,13.076133619912593,19.03646289236692,22,22.068576242800383,0,0,65+,Female,28,23,5,0.8053044216791382,463.499448522438,106.59222424636827,464.07035037406814,394.7223040339381,77.64701101389166,391.77602106199765,544.1710780757667,186.31874947773292,0.3423900258289566,0.1849515020161052,0.1256743620145395,0.4727786627295577,0.1886664385098939,0.8420625008375743,0.1107698899117947,0.6040419044020154,0.8462778946160726,0.1374408774782992,0.9161976538432433,1.2377360982422834,0.0107735708799892,0.0062904238516013,2.5213754590859945,1.7351149864624151,1.996680583630661,1.1981895562480214,3.1498020713477595,3.69037432911442,1.1104868082829549,25,19,6,0.7758360662213615,465.34615171537513,110.6257532523717,483.2966534791428,393.0980637539236,88.01532200908213,375.7876990257819,539.8384903245538,188.31483343923227,0.3488355069421159,0.2331639010048,0.1275846561294787,0.4177098986873598,0.1632240371825131,0.8574346097592412,0.0726476169908949,0.6475728731218477,0.9112947663003192,0.1500497640440075,0.9004753647602773,1.110424747097592,0.0107874191672565,0.0072402828519897,2.9560111582967847,0.7550414451768398,2.4373044483098334,0.8715511000696485,3.3900703816857884,3.942029261699778,1.1813177262726944,31,23,8,0.7531276753748904,512.1662850867659,122.15299180402266,528.0978917181225,433.17670769669087,108.78813858344652,435.4616487808114,643.3954507773108,189.7997426756785,0.2949970231315346,0.2797480945692582,0.1729510644432318,0.4920763886023929,0.2015591379648793,0.8312727571758124,0.0733815831892198,0.5213715418399627,0.9221418115028788,0.1643868838152469,0.81060906099248,1.162277556424654,0.0103116492272325,0.0063347934034323,3.234530306845254,1.488685470300886,2.787187092459876,1.1941394045093845,3.543318797319871,2.438470252386745,1.2673998196829337,-0.0294683554577767,-0.0521767463042477,-0.022708390846471,1.8467031929371276,48.66683656432792,46.8201333713908,-1.6242402800145328,38.45440366275278,40.078643942767314,1.384828726734913e-05,-0.0004619216527566,-0.0004757699400239,0.2516549325853585,-1.2519040767276746,-1.503559009313033,-3.9583666153912795,2
S_00075,P_022,1.0.0,2.5,3.5,4.8,900,750,600,touch,Android,Edge,1920,900,1.5,1809,713,60,51.28866681421178,17.16680371643608,22.46455749719564,22,26.36562616840704,1,0,35-44,Male,29,23,6,0.7991576082756524,473.2589598327906,94.75979635393706,457.3192493723136,379.6601055869506,88.99508135833392,386.4134944431312,545.9323739824127,178.53717046232714,0.3270316599104612,0.1874807170952868,0.1408398404111552,0.4165607934895516,0.2056526124709061,0.8526944817130686,0.0937525993125214,0.6611624224798356,1.0936768704867632,0.1073902466353777,0.7943096200658596,1.0518770331695246,0.0089702436939947,0.0051408451635948,3.215126344800117,1.3038802529220874,1.91788573600027,1.0011444892423778,3.110414350351049,4.393262503552204,1.0682111525570088,23,19,4,0.8046345802202146,470.0209128976902,117.54599009077404,477.91399747960224,421.4807862061752,103.8462191089792,427.7368161925992,544.1767760243384,190.97419883431,0.350941472051664,0.2252052400989714,0.1022593991462433,0.4250901332317822,0.1397430010615018,0.8522003353388832,0.0826175286488735,0.6200060743093881,0.6670327825851657,0.1205095540986753,0.8341848703179607,1.0833360302957875,0.0124239142293226,0.0071070481846549,4.1143510683302456,1.300712605598434,2.5764108279406317,0.9125424533075092,3.068758052753697,3.3323277184669946,0.938878751022328,25,18,7,0.7237932567106978,488.7034503686691,93.80162948619429,462.6630731807665,422.50986834893166,90.28768604063116,411.73180686284417,577.4775002122797,212.6061913757064,0.3681635930361836,0.2236395150471318,0.1196536473552059,0.4938881536052352,0.2023359887745441,0.8228622730061191,0.0843383891929376,0.6135444314358816,0.953019864266692,0.1628829839317989,0.8166559262691897,0.9498616840345202,0.0147859213512161,0.0065657537571642,3.369059699675884,1.560269284322951,2.059439939137553,1.4073442717764415,3.4806590082048303,3.074764657291553,1.1192803915239238,0.0054769719445622,-0.0753643515649545,-0.0808413235095167,-3.2380469351003853,15.444490535878517,18.6825374709789,41.8206806192245,42.84976276198103,1.029082142756522,0.0034536705353279,0.0058156776572214,0.0023620071218935,-1.0609347850852089,-1.3184978462606507,-0.2575630611754418,-3.2117803793797193,2
S_00076,P_023,1.0.0,2.5,3.5,4.8,900,750,600,mouse,Windows,Edge,1366,900,1.5,1094,818,60,44.03730079397791,20.80403924752659,23.52643129621024,0,26.562296749435248,0,0,35-44,Male,29,27,2,0.9403403262610712,388.21148665279145,77.07332385843843,362.2657947915529,294.3243349498263,81.61165740235299,288.45496291490974,423.2176842532378,145.39256260869618,0.3435408491146571,0.1445181528352799,0.0791833791933113,0.3832345184635203,0.1591730136410186,0.9141774269755832,0.0674378366688372,0.7905105961784259,0.9963866416288666,0.0990439046191479,1.023689891540294,1.7722113152607937,0.0055107224036868,0.0042276250587079,1.5663559533289142,1.3705709100533905,0.8101401729779576,0.9070386299885842,3.237259109756981,4.980636927650857,1.1073056447830034,28,26,2,0.9150535984429712,361.467747493542,85.67575095537607,389.42927797582416,329.5381112878473,75.14697366488396,331.7747003993735,425.6300415285364,160.25850133992233,0.376520653392784,0.1284394601667602,0.09921291485468,0.3536992776470201,0.1392544020161306,0.9147238079726308,0.0740027908185603,0.8224712660081339,1.2596385219082888,0.092790448576053,1.1436919027766197,1.2738660543497842,0.0099438727737021,0.0043190234213424,1.6365327381039636,1.0853662006493714,1.6696660255219713,1.0049078477206712,3.352228983334219,4.550061176479999,1.0008841582463477,23,19,4,0.8374193928381378,410.6416546843128,99.06588195547506,435.0497717825692,353.630781615681,78.62811713677462,350.31035740442235,574.8856129520001,163.47414530993169,0.2843594301664685,0.1895158746842167,0.111376957017281,0.3530627574847008,0.1458050130759645,0.8661194791071847,0.0391536641028513,0.6751706844708583,1.057273641276613,0.1447071607278627,1.0239661623216656,1.506295808313142,0.010787378623517,0.0053677560433847,2.210391311623445,0.9856347637729016,1.4424694520464607,1.074550839227825,3.71223391142533,4.494845601258741,0.8606378561396829,-0.0252867278181,-0.1029209334229332,-0.0776342056048332,-26.743739159249458,22.430168031521305,49.17390719077076,35.21377633802098,59.30644666585465,24.092670327833677,0.0044331503700153,0.0052766562198301,0.0008435058498148,-0.4305757511708581,-0.4857913263921158,-0.0552155752212577,8.145184476717795,0
S_00077,P_023,1.0.0,2.5,3.5,4.8,900,750,600,unknown,macOS,Chrome,1366,864,1.25,859,768,60,51.83183957527427,15.04944388067613,22.951630948913227,26,28.873320197637263,0,0,35-44,Male,28,26,2,0.9273231572100776,422.95803838216216,74.2960666458437,437.8043751682745,340.19810641922936,67.56018834316563,342.5593222850398,468.4974794882769,160.77837466829746,0.3431787399238731,0.1627624244955221,0.109459341706882,0.3685631605096396,0.1846181238049836,0.99,0.0770718427009015,0.7837114366839625,0.8779678801649032,0.0875684144370017,1.0334500665069646,1.3032600304668946,0.0080076875905442,0.0067939182479745,2.409998286764763,0.9714138909397976,0.9454671021838624,1.1198588542555687,3.1926418589807954,4.199592334173041,1.0592498434490416,25,22,3,0.8975797400748741,324.3064201466678,79.56258457460918,325.9632303162835,351.40581592869825,79.00124469234456,361.3915187523855,520.246032297172,150.21369696779624,0.2887358819528527,0.1793181581459911,0.078087730323853,0.3580660962695977,0.1754234265747527,0.8905733330713269,0.0793835790440345,0.7220981762605485,0.8766855399629792,0.139532421174163,0.911802669403663,1.4495217757807566,0.011212561403558,0.0058759916854333,1.8760085130128896,0.8398756668883764,1.4249343536841608,0.5933773903088062,3.175745900186961,4.669524485162032,1.0497876928087098,24,20,4,0.8296927976068723,429.1117129135297,106.43811174828924,420.57466628551686,386.5872187772134,95.14383809677962,374.8280694608472,482.54600807849,171.81236571084494,0.3560538535900566,0.1922974097704666,0.0954430444846391,0.4365526857561914,0.1730056365132598,0.8605680764064058,0.068389582899459,0.6709413223143644,1.0526036512131125,0.1357126997556215,0.9061068127953174,1.227053681547874,0.0082568548257734,0.0050512727855146,2.399779542777631,0.8882870441623807,2.2093311425246798,0.6211545017666638,3.58995894275235,4.717215339460021,1.1139755112325895,-0.0297434171352036,-0.0976303596032054,-0.0678869424680017,-98.65161823549435,6.153674531367528,104.8052927668619,11.207709509468884,46.38911235798406,35.18140284851518,0.0032048738130138,0.0002491672352292,-0.0029557065777846,0.4699321509889902,0.5176230052869801,0.0476908542979899,5.520973202853821,0
S_00078,P_023,1.0.0,2.5,3.5,4.8,900,750,600,mouse,macOS,Chrome,2560,864,1.25,1640,645,60,51.56499633043046,16.22737308905751,21.92063181040045,9,21.811271685871777,0,1,35-44,Male,30,28,2,0.9359040030638864,343.9924007049063,68.1462601732305,317.62158027520434,283.9427727866434,80.56892450613076,281.5421664378762,480.2955370585625,167.38301921526613,0.3485000511151056,0.154793078148333,0.0845335825961375,0.4045935025278553,0.1430848781361258,0.9197108595223932,0.0549225974883462,0.7455084700851294,1.0016748705374718,0.1030686013086256,0.9522983207265866,1.3768914259266862,0.0063415432488033,0.0060650313725215,1.608954578265485,0.732344217460085,1.2154130458129817,0.6345545033118167,3.390341771214969,4.8706422920059245,0.8950500100635688,25,22,3,0.8952881219494971,345.9969154310174,73.540204325876,339.8716417393928,304.3470368980923,72.48266562480764,294.3059645234417,501.64441169195845,134.97270721596252,0.2690605218958251,0.1491775798466856,0.0776322360180818,0.4427033132152339,0.1738270756884203,0.8840228023743821,0.073615380461939,0.6993632221554256,0.8686456840126864,0.1098041324558459,1.0731218167551726,1.408502947928156,0.0091427069797721,0.0048636798168035,1.9243093889863612,0.8978395529319034,1.2447922166218706,0.8641890052532794,3.381622338379919,4.579882427930931,0.741011946027403,22,18,4,0.8321005455600089,440.7124339277967,93.27275726097416,446.8874601149516,359.52726016712404,80.38817547469587,343.8199422886865,522.5979629003016,160.13829215459796,0.3064273179823861,0.1828243913836548,0.0851661424957359,0.4533638335785214,0.151662065348067,0.8627470142167996,0.073590698135017,0.68913420126374,0.9623793371999588,0.1295955785248924,0.8916801468435153,1.2795846201601568,0.0103420436162861,0.0049153096489664,2.331992235191515,1.0089026459600987,2.019874646128053,0.5819000211105398,3.432677149674937,4.251773239506332,0.9899403836867484,-0.0406158811143891,-0.1038034575038774,-0.0631875763894882,2.004514726111097,96.72003322289038,94.71551849677928,20.404264111448924,75.58448738048065,55.18022326903173,0.0028011637309687,0.0040005003674827,0.0011993366365139,-0.2907598640749933,-0.6188690524995923,-0.328109188424599,7.516545410332367,0
S_00079,P_023,1.0.0,2.5,3.5,4.8,900,750,600,mouse,Linux,Edge,1440,900,1.0,1263,681,60,53.464639705737454,16.171365141532732,24.307245655562944,5,20.940967128975053,0,1,55-64,Female,25,23,2,0.9039299787212236,351.47947767545327,75.09034679020458,327.9926494368685,291.4558347049473,75.72975291108186,284.17671681423417,422.5418038952216,138.84625326345255,0.3285976724278919,0.1345465204972507,0.0829758757916895,0.3533126008751208,0.1754924374225448,0.90815076711508,0.0722901515566205,0.8227211682623212,0.9050835543693,0.1036355342283378,0.9847933480179164,1.4290071222426906,0.0065644270812846,0.0046709745262469,1.1461131112427787,0.9569979193190528,1.4093887618864105,0.6379980053440432,3.1089249370783985,5.055953028467658,0.9713338394956084,24,19,5,0.8084262366916553,414.1415954739963,86.85450059829112,403.68781553720186,317.94651835132987,65.45803011550564,309.849853616327,457.3487826614414,160.0980845076068,0.3500568725163123,0.1535021967844588,0.0980129330421365,0.3612543994773406,0.1705399243133876,0.8723542010211331,0.0890817669832964,0.8888888499101146,1.334812800166096,0.1307617251752991,1.0478208876246002,1.5728028934866811,0.0083809497985667,0.0031090897307451,2.50510565670559,1.1582863471825906,1.3019019041985938,0.5543542394823373,3.232069898513154,3.899434715508408,1.041153218841264,25,21,4,0.8326565417483108,375.46410268493474,79.41244516990866,371.8887762857562,342.84133957832955,95.20637102732654,358.052602803074,483.4243510579387,132.52447596749334,0.274136947544064,0.138791284543155,0.1292159936593792,0.471612238242608,0.155106669564288,0.8468452064921564,0.0636415834750034,0.7796701282850823,0.9679434459064368,0.1264048228006427,1.0118463491672678,1.276524448654839,0.009375925426993,0.0049559281446759,1.8410698365383376,1.022867323722793,1.4158299486004695,0.8248645518782134,3.691594384925284,3.985968454389604,1.0373617419773662,-0.0955037420295683,-0.0712734369729127,0.0242303050566555,62.66211779854302,23.98462500948148,-38.677492789061546,26.490683646382596,51.385504873382274,24.89482122699968,0.001816522717282,0.0028114983457084,0.0009949756284263,-1.1565183129592498,-1.0699845740780547,0.086533738881195,7.795648506853262,0
S_00080,P_023,1.0.0,2.5,3.5,4.8,900,750,600,mouse,Linux,Edge,1920,900,1.5,1153,807,60,45.20023958370055,19.97337770183253,23.618316486031908,18,18.522967137445978,0,0,65+,Male,30,26,4,0.8671145145618301,385.615804923068,79.1676438509273,395.69263842273017,335.1191775807817,69.65400877858112,325.87315101451225,464.5315351676487,165.76844979086664,0.3568507996578554,0.1489092546943164,0.117147530837097,0.3944055462250642,0.1793873749802282,0.9054349315840448,0.0556206946295368,0.8124023269383525,1.0518803762434037,0.1202996590530348,1.0757705658511274,1.309776093699426,0.0070787406428309,0.0058808219767459,1.9365272009436436,1.2323792309526849,1.3592731547895565,1.0885019867841967,3.263495672631365,4.820437373116987,0.927718351483498,28,24,4,0.8668604357847036,427.3493303916334,87.8209450836627,419.3817137363756,347.07321091335587,85.80056734433879,326.3922818300963,547.3338948512306,161.57306035738966,0.2952001728329038,0.1790530880176284,0.0904719274349191,0.4018295286239284,0.1706972932569108,0.8962482655324747,0.0797468777220784,0.6764996971810203,1.043737624862456,0.1147338639183874,0.9283639175728796,1.478821628187668,0.0118458522457007,0.0054892138576375,2.5813442534699425,1.1985832168082715,2.011465083492139,1.029433736380884,3.1208467583842148,5.0630788374569295,1.1436685647165454,28,22,6,0.7715988551921358,442.9483482779177,94.22858844602864,437.9984179679333,389.714146213927,88.47219989840106,403.1074421261391,551.5769901403655,168.78118530029928,0.3059975095359721,0.2022859219735557,0.0776428087666932,0.4240531932776379,0.1788083753267384,0.8585546438940281,0.0643710890442365,0.6325494315103433,0.8844410742805583,0.1441299934463267,0.984815572283786,1.2579915956295895,0.0117376704143237,0.0067278223465729,2.70788468763146,0.7184637878956613,1.899693539078656,1.2926114255370609,3.2908913780326605,3.878049756957193,0.949869716339719,-0.0002540787771264,-0.0955156593696943,-0.0952615805925678,41.73352546856535,57.33254335484969,15.599017886284344,11.954033332574111,54.59496863314524,42.64093530057113,0.0047671116028698,0.0046589297714928,-0.000108181831377,0.2426414643399423,-0.9423876161597944,-1.1850290804997368,3.979562076848528,0
S_00081,P_024,1.0.0,2.5,3.5,4.8,900,750,600,mouse,Windows,Chrome,1366,768,1.0,1061,548,60,54.41172170606759,15.641634033922788,16.190372946562327,14,21.05468847155504,0,0,18-24,Male,30,27,3,0.8931687034541069,447.9646402782028,91.58679205762444,444.8188565641929,350.80499701268656,74.45912976757903,364.3265773058058,528.2709383207697,157.57849721235038,0.2982910582082175,0.1545279281731074,0.121864707264006,0.4156694399560231,0.1591541977393191,0.8686796575200976,0.0780960574153369,0.6587234436237737,1.0199238633968863,0.0845531436031344,0.7979381964252283,1.148431064092592,0.0104053082685885,0.006534773878269,2.475801716263388,1.0425269874315408,1.8630845313165336,0.9312681842679064,3.432660710698354,3.9826629035241616,1.111606038579944,29,23,6,0.8006874585782817,465.7374461649795,102.4760628895912,454.7664215092063,392.6648887094767,93.59519629328436,391.4608772314313,530.3681505343197,178.84116317633956,0.3372019285022412,0.2424896790159929,0.1468248130242718,0.4523398903567405,0.1997277708071205,0.8346997195578859,0.0787004658805031,0.7069477928291997,1.1354078560441827,0.1191938514030931,0.8730929441153753,1.5502993131971556,0.0116055093591535,0.0079539207149504,3.014134046485342,1.2753478049150944,1.9536321048270489,1.2080948396395512,3.5236666325456003,3.373891660448676,1.06671622850444,26,20,6,0.776582621111429,481.394808590394,101.55850367423469,466.251676282353,437.64420749550186,96.64733321262318,435.09580915964654,541.0313192558536,176.92616747657007,0.3270164982683779,0.2290000669101687,0.1232393105965976,0.4388160669380824,0.1682916963504892,0.7979823503333878,0.0858561859916324,0.5201733407854021,0.6487840732381787,0.1137523438883543,0.895275568045055,0.9748655355368498,0.0131487112823033,0.0077700827579974,3.928764712083386,0.864930234614243,2.380802251614305,0.8217895520614146,3.3050295946434614,3.204427956961453,1.3038274848774745,-0.0924812448758252,-0.1165860823426779,-0.0241048374668527,17.772805886776723,33.430168312191256,15.657362425414531,41.85989169679016,86.8392104828153,44.979318786025146,0.0012002010905649,0.0027434030137148,0.0015432019231498,-0.6087712430754859,-0.7782349465627085,-0.1694637034872226,-0.9767159753674517,1
S_00082,P_024,1.0.0,2.5,3.5,4.8,900,750,600,mouse,Linux,Safari,1536,1080,1.5,1240,828,60,50.88054227649375,16.714344072680003,22.289930791820343,21,19.05168281936317,0,0,55-64,Female,27,23,4,0.8537102686955046,449.3245498869874,81.22406221699828,422.25401694314826,333.4245648633256,82.27400121847181,344.8268448258377,596.8081830661138,152.5189710199984,0.2555577744199638,0.1701216197748407,0.1126773204714758,0.4230526747773669,0.173523459692184,0.8772038210021406,0.0447540481048997,0.7024888107189944,0.9546256052973918,0.1408636712185221,1.0411727900281869,1.3630165808194172,0.0112335731495383,0.0049030459830689,2.910167271538041,1.0864277928758272,1.44689814131784,0.9635744788862468,3.410070867079667,4.259660153251589,1.325165436678814,31,26,5,0.8449278837521245,427.9728848798992,97.84877700705076,424.7226424500079,394.4374990366005,93.04284306740033,403.30771349046233,575.0414814989254,198.04407036758656,0.3443996246172663,0.186462374460289,0.0833876537413736,0.4531641775911621,0.1734686873892312,0.8532394999754827,0.0856079251924472,0.646811197427623,0.8645489608663826,0.1300899049315425,1.02242129930758,1.376931739924617,0.0093557191558049,0.0048087362823725,2.8989223031234395,0.9750373525645468,1.5136163356796082,1.127799412713859,3.422674760430297,3.707460428532944,1.1447411081998131,23,18,5,0.7617359999415498,492.1373704600499,109.08414686665552,531.2241992729583,405.0976851884692,103.38015161353476,410.02316428093735,578.2978305497795,199.72972117787685,0.3453751866715402,0.2243569475704546,0.1502506836149715,0.4965941781089821,0.1777210122108455,0.819100633680093,0.0515429065831234,0.6123057090743768,0.6999134419491135,0.1529168861102867,0.8892394734270288,1.3436178368310454,0.0149442352349497,0.0059783453338417,4.083396859228878,1.2474132417467234,1.8352424636418665,0.8882778395050329,3.4280879949538265,3.5515527182994755,0.958604729492662,-0.0087823849433801,-0.0919742687539547,-0.0831918838105746,-21.35166500708829,42.81282057306248,64.16448558015077,61.012934173274914,71.6731203251436,10.660186151868686,-0.0018778539937333,0.0037106620854113,0.0055885160791447,-0.552199724718645,-0.7081074349521139,-0.1559077102334689,0.09060768922963296,1
S_00083,P_024,1.0.0,2.5,3.5,4.8,900,750,600,mouse,Windows,Chrome,1536,1440,1.0,1106,1341,60,60.0,19.405055135295804,21.313063877364662,15,11.169694194060858,0,0,45-54,Male,29,24,5,0.8275857298207147,420.4059832183565,81.52707242084998,428.9817998860133,393.85529043340847,87.55959568999702,402.7335445563834,574.7162116840702,154.65714926066445,0.2691017690408944,0.2152698151727838,0.152652608613425,0.4308412869020861,0.1546094785079892,0.9189193087237806,0.0861629950903569,0.6654837725422783,1.030219122315285,0.1386265247958499,1.0188633392149358,1.2695111709129514,0.0109357570247038,0.0050431532225262,3.0268501752362997,1.2412156166287929,1.9988145030316191,1.005083573147579,3.162351676911746,3.716037895972753,1.2529180501183077,31,24,7,0.7832144381540493,471.57991979054646,101.74770352499344,471.4584526203136,360.7741407074074,82.41940881328448,370.1459241212263,480.58600731354,196.55581274015148,0.4089919592933886,0.2122247681667288,0.1239812480874405,0.3814538635328112,0.148103051955015,0.8490824686531262,0.1019951341825513,0.6167459139846537,0.9704016757141464,0.1269824209019238,0.9009644028731056,1.4331669802070452,0.0111391194602924,0.005538918544719,3.567544638589711,1.2549162547769492,2.4218732535614245,0.8973037392387353,3.5310011313441465,3.755688352965017,1.1995716618478716,29,22,7,0.7464633682642271,477.90453261635656,106.47677204375174,484.543386186197,439.1969766275975,99.40773028561992,457.1550633611243,529.4713419139325,165.93457950676088,0.3133967154991632,0.2418301187342133,0.1015503828279541,0.4807635113860031,0.1873119594052512,0.8150351245186699,0.0866742865615352,0.6185933006328342,0.6937608697665483,0.1465079642384532,0.8858548741073251,1.4818972957205747,0.015827733330416,0.0048658729391858,3.1884262972146966,0.9325817278126304,2.7964772489186003,1.2369247595453827,3.536588183029476,3.2260520083189763,1.3414481829680938,-0.0443712916666653,-0.0811223615564875,-0.0367510698898222,51.17393657218992,57.49854939800002,6.324612825810107,-33.081149726001,45.34168619418904,78.42283592019004,0.0002033624355885,0.0048919763057121,0.0046886138701235,0.0396504569922639,-0.4899858876537766,-0.5296363446460406,-1.489664925992696,1
S_00084,P_025,1.0.0,2.5,3.5,4.8,900,750,600,mouse,iOS,Safari,1366,1440,1.5,835,1090,60,59.08020952627557,16.337502162331518,25.73744197100615,17,29.68469665261764,0,0,45-54,Female,26,23,3,0.9001531404146231,417.10245824882986,90.68071146845254,435.9022916841543,362.7997397148869,74.19911299250971,353.82554746456884,541.6407186524035,157.92621011440804,0.2915700475904522,0.1821560252836153,0.1380056612637613,0.3914787833132661,0.186859690309032,0.8898256966892025,0.0635654257059183,0.7231415684451747,0.7722540728537868,0.1204244432829508,0.8546809579134264,1.4193679448069283,0.0085419517147696,0.0044886267560336,2.75051251023788,1.1450227335956509,1.4180267554003585,1.1259855370308316,2.9012751406325483,3.726970220116831,1.034539756636744,26,22,4,0.8294532897339246,484.7157080552734,106.21042445861136,487.0148149122069,338.7005842640553,95.23735735374107,321.05369939336,594.1234966734287,181.02648486614197,0.3046950438414433,0.1783744441532032,0.1122701928874132,0.5015670978823333,0.1544417422666988,0.8288786759970199,0.0908136819916436,0.6373367059197974,0.7455260912552428,0.1653357565344418,0.938392253670252,1.2311220790136752,0.0097589710421488,0.008186223211859,2.9273909261007107,1.5072289420937142,2.3174983873823702,0.9166421848672148,3.243058832751533,4.235864774797796,1.3402000970928585,30,23,7,0.7644800257987362,482.0986287618541,97.32158117648272,478.17243734109616,388.9548133402306,96.5788903468238,398.5364981334702,566.2481381544939,189.41007231505628,0.3345001238015163,0.2064531662018625,0.1542399135374474,0.4829511629217868,0.2186675935276226,0.8158339011784673,0.0759002668570196,0.7058154488847252,0.886448280099847,0.147610492520199,0.9155216539349044,1.0798627826903129,0.0141845753231886,0.0067221637141636,3.772901780814487,1.4057722302018436,2.6854018298628097,0.9987381170981796,3.354599452193941,3.976149455450101,0.8918181548715667,-0.0706998506806985,-0.1356731146158869,-0.0649732639351884,67.61324980644355,64.99617051302425,-2.6170792934192946,-24.09915545083157,26.155073625343675,50.25422907617525,0.0012170193273792,0.0056426236084189,0.0044256042810397,0.5088945546809653,0.2491792353332704,-0.2597153193476949,-0.47745803717794716,1
S_00085,P_025,1.0.0,2.5,3.5,4.8,900,750,600,mouse,macOS,Chrome,1366,768,1.25,1223,502,60,59.99651849851103,15.700910075637726,16.07906665420795,0,22.68246574937196,1,0,65+,Female,24,19,5,0.7812033361686561,481.2196506850096,102.75432644501626,467.8092846386557,401.5643526162481,81.93164942721786,393.280270679818,559.199466786086,164.53327971337325,0.2942300368399907,0.1976559660125725,0.1218939782698236,0.4780635570408952,0.1673368271660308,0.8365815985474249,0.0845618320720986,0.7178910550614251,1.094404720952567,0.1028823057726866,0.966098687024518,1.5185117195720703,0.0098088996947291,0.0042634978212851,3.1205806153781945,1.581476100236276,2.6698566368808403,0.943577960909984,3.462796865699445,2.8957899190530973,1.162535821707841,28,21,7,0.7595281805787711,519.9057911360011,114.23598064633384,505.59243630450015,389.3120231597522,104.18060098944385,383.2035195366303,524.7546011092923,152.76913394619808,0.2911249060479993,0.2423084685568622,0.1320971358180463,0.4308427809016161,0.1915356832634558,0.8397321388658173,0.0870210496521401,0.5296042049931708,1.005871033420864,0.167783481217389,0.8180279691947013,1.1237637708093582,0.0133091432758328,0.0056553346961412,3.5185398389318787,1.090844731004159,2.35131778088723,0.8840291138108622,3.1522874026509933,3.891569172355316,1.226627297924917,26,17,9,0.6543031048228038,508.9723215498673,115.73925786845038,506.0602775606548,401.942427707596,107.13675206830912,397.54372206499977,660.9794745310323,190.34587459414823,0.287975469630429,0.2013073083537333,0.115763706801528,0.4610862925092056,0.2104332993932307,0.7453165854756469,0.0833659963180893,0.6374932863283379,0.888358781868374,0.1820254581611596,0.685578507463268,0.7952800804823196,0.0165657758705309,0.0068861714576388,3.758779009200749,1.1333606527549125,2.6487125646258494,0.8885559001142147,3.6620305673358473,3.778307006042803,1.2903345718320334,-0.0216751555898849,-0.1269002313458522,-0.1052250757559672,38.6861404509915,27.75267086485775,-10.933469586133754,-12.252329456495886,0.3780750913479096,12.630404547843796,0.0035002435811037,0.0067568761758018,0.003256632594698,0.995779253302219,0.8825170869897057,-0.1132621663125132,-4.317114248249286,2
S_00086,P_025,1.0.0,2.5,3.5,4.8,900,750,600,mouse,Android,Chrome,1920,768,2.0,1372,550,60,49.85404078364464,18.29065194915836,28.73752134724373,14,18.20247847301697,0,0,18-24,Female,24,21,3,0.855446573305648,428.4417356936313,100.0719025055271,439.2864558926472,394.3269640997133,95.20463213314667,393.7285379716956,633.6096211780424,190.22566281455417,0.3002253382151552,0.2211568392124367,0.1470270122179701,0.496383401273041,0.1630019024211855,0.8897937298039568,0.0759582010652897,0.624817890564384,0.9421849838517842,0.1564056916807843,0.8105431939294132,1.0836614622777536,0.0113204269458089,0.0064006984138327,3.3525579174640203,2.004598406902603,2.2193284218220106,0.9410203751468108,3.005523750404151,3.663936311995496,1.0470221798749555,25,20,5,0.7929387006220958,490.5244060063153,98.16529854908528,460.7500807995585,392.7089524489843,94.74106680504256,385.0390004583065,604.5751422083687,199.96961410107536,0.3307605624846468,0.2241818621357195,0.1527595423863298,0.4415293315803015,0.2101029275775775,0.8564826504472731,0.1009995109328203,0.5396130469062933,0.6807510730341653,0.1602041077579159,0.6756980445554528,1.0994989706237053,0.013963835474454,0.006010689170978,3.07886909292518,1.1025854142577178,2.117068073344826,0.9895459623869224,3.217573808830172,3.159587819525884,1.147408945046015,27,21,6,0.7777361638586648,502.16923653378433,112.8238459148198,510.8224810309288,424.32598331695306,90.26155104636698,443.1823782906862,563.9082811385697,199.96141879932844,0.3545991883566465,0.2617354056615465,0.0960079978326595,0.4696102727006752,0.1644034741835628,0.8003025255614742,0.0966283391223564,0.5596907264373218,0.8039886897733581,0.1892458562984161,0.8523466232827043,1.088332844910184,0.0142525017658105,0.0057595154071262,3.747137898064345,1.4204809145202506,2.109384299114711,1.1230895462564288,3.466364011300612,3.116412270760697,1.3127617204321442,-0.0625078726835521,-0.0777104094469831,-0.0152025367634309,62.082670312683945,73.72750084015303,11.644830527469082,-1.618011650729045,29.99901921723972,31.617030867968765,0.002643408528645,0.0029320748200016,0.0002886662913565,-0.5043484924696116,-0.5475240412347988,-0.0431755487651872,-4.461668517645102,2
S_00087,P_025,1.0.0,2.5,3.5,4.8,900,750,600,mouse,Windows,Chrome,1440,864,1.5,893,533,60,48.3973900331525,16.55971809652569,20.095078778045384,0,20.386526856452104,0,0,35-44,Female,27,23,4,0.8684296123826978,440.8502355509325,86.5775718522896,447.72081848662725,386.6425512126772,79.3016947011948,388.77935037235966,521.9423276139462,163.08405456719487,0.3124560817144911,0.1690833120489711,0.0891404213783968,0.4479808953240675,0.205461936892412,0.8348875382160782,0.0867789158205817,0.7294419120517024,1.050951237663181,0.1178459048491177,0.8530587120042513,1.2152054239067498,0.0109896084305342,0.0064047729322878,2.744221942745343,1.0452627394018397,2.081289197958633,1.1405157120524982,3.230123318819251,3.999251288095342,1.3982322363317092,30,23,7,0.7791143381520366,494.5738027043337,93.21745845754484,477.9395441099873,419.5707949525489,91.1273137418406,399.6392383038189,575.864527092711,163.47539469987083,0.2838782161582114,0.1997858307461744,0.1488345545447721,0.4780505579015777,0.1650185003950532,0.8439458911222313,0.0851248840390846,0.619902536855663,1.1528385036606292,0.1428525832907456,0.8847766045235909,1.4134042611623043,0.0112701105400056,0.0073163930317492,2.389182836559175,1.171062274977278,2.4492038360791524,1.3603843572877277,3.204005643049101,3.2889659396438757,1.2314617777253625,28,21,7,0.7323883641565766,517.2480508863463,102.93683675840748,546.7294371593815,397.5817552388204,101.7513680548179,419.942833020495,581.8476564511916,172.15303357331945,0.2958730376664506,0.2646677427712706,0.1694821603179525,0.4432127037750161,0.1913144820233974,0.7947229627261043,0.0799964981907744,0.6944562327072339,0.8884536069800557,0.1488585591778968,0.7821264091808656,1.3040548158305951,0.0085630307884778,0.0058661680996003,3.365921357138186,1.1295776182562085,2.6395463628853286,1.2867502699638882,3.2721940730680728,3.841123841140184,0.9328559895167662,-0.0893152742306612,-0.1360412482261211,-0.0467259739954599,53.723567153401234,76.39781533541378,22.674248182012548,32.92824373987173,10.939204026143216,-21.98903971372852,0.0002805021094714,-0.0024265776420563,-0.0027070797515277,-0.7102853484514666,-0.1581274469551581,0.5521579014963085,-1.9910464465621287,1
S_00088,P_025,1.0.0,2.5,3.5,4.8,900,750,600,mouse,Windows,Chrome,1920,1440,2.0,1525,1004,60,54.83243604669843,15.319691297256949,20.61787142422178,23,15.675963062434434,0,0,45-54,Male,25,22,3,0.8624206297543691,426.5307150677576,97.5870642564172,415.7837370031015,361.4778218257831,87.23057149280721,370.40665238080487,546.7873068646132,133.4094114943217,0.2439877623701941,0.1987216333253107,0.1216599341501607,0.4096349449348331,0.1774727390459484,0.8736309707559079,0.0940347391222464,0.8531810710228939,1.2495655699209398,0.1108168873170878,0.9834677125255548,1.4344670874341774,0.0088245992198174,0.0048453708545234,2.6490067346541872,1.3827755508891164,1.369542595591645,0.8717459492307407,3.285897756348561,4.129984847033639,1.3283665658514714,25,19,6,0.763999377145653,509.1743324408852,84.75776196888482,539.6117882233091,384.59940123854045,82.77368978798509,385.064469207079,546.728066823794,170.65593909455072,0.3121404395533835,0.1843368839083888,0.1307765260864767,0.4327266926267508,0.2041967004499782,0.8492074503971094,0.0714152272887755,0.5771208602682989,0.8064677284944943,0.1087393116076304,0.8148856550452508,1.2440042514172989,0.0087458352117432,0.007518363530077,2.978205659979119,1.2124655041438372,1.7226552937068975,1.1687999820302095,3.319564259960391,3.515247757429656,1.1458992272593604,26,18,8,0.6998805868214691,455.16555697212186,108.05791965831918,455.21443179921386,435.4572421396017,92.68944239660456,428.5612280538255,578.1230382533724,175.84687435504827,0.3041685985846845,0.2334912579665827,0.1208031658699782,0.4479732302454038,0.1829633847777647,0.8174242877289277,0.0795248208322664,0.5998767303649283,0.6932829056976918,0.1520187113527804,0.8121929786650862,1.009143648518476,0.0126912905373343,0.0068401966959163,3.3165645092972955,1.1150055886773116,2.107681258511716,1.1430881751993756,3.124489634582914,3.5424593286087545,0.8348231565220712,-0.098421252608716,-0.1625400429328999,-0.0641187903241838,82.6436173731276,28.634841904364293,-54.0087754687633,23.1215794127574,73.9794203138186,50.8578409010612,-7.87640080742568e-05,0.0038666913175169,0.0039454553255911,-0.6147370896039832,-0.5875255184248847,0.0272115711790985,-0.7554336756785632,1
S_00089,P_026,1.0.0,2.5,3.5,4.8,900,750,600,mouse,Windows,Chrome,1440,768,1.0,1344,579,60,56.78271189147725,17.013516325761397,21.365851770081484,0,13.099983998263667,0,0,65+,Male,31,26,5,0.8268438185560159,434.4264350888868,98.37371239018948,437.61150816702576,378.5576114370661,86.88330433246445,380.4122341313092,528.4249984387363,170.6962000434188,0.3230282453474969,0.1956160333937477,0.1218940598100402,0.4959346881198485,0.2024245090026119,0.8511661895204716,0.0885184595839368,0.5921801509558066,0.7897675581423765,0.1277181615426145,0.7921258735494107,1.200228980748573,0.0106535520012187,0.0063505188601215,2.86670192564894,1.9330152236424147,1.954208218732284,0.6921624383581808,2.9600102043561747,3.979233286514488,1.406365732887816,31,25,6,0.8140735160607026,504.8988816502021,101.54401422780104,508.8055759067601,416.3867532689169,103.66753079778093,411.6192184817766,555.6109858154945,179.97667720813996,0.3239256994603524,0.2588048349215077,0.1391439864973033,0.4923191839092374,0.2049174102963641,0.8402875890528848,0.0881468442758404,0.6583906890607308,0.9946277572980128,0.1513975801116104,0.8008380704547502,1.208671891287021,0.0125114591504358,0.0063977296162238,4.405700259284709,1.0333868439722291,2.6205466215017323,0.9333636402845802,3.33967932340151,4.25248300025265,1.061542479911737,30,21,9,0.6965888463268207,518.7212882253485,104.48211961463883,505.460442961244,430.77876001933794,110.0799613417465,446.7290296009388,548.8601738030509,195.5550082292389,0.356292945932365,0.2124094090663173,0.1644850888066885,0.4449453163879091,0.1733659767979655,0.810292831882423,0.0811962157750696,0.4966017593011018,0.9913974585097368,0.142487034488188,0.7946634007183441,1.1132845227024395,0.0153174347830878,0.00716833798824,3.3314694542058803,1.2760316620251335,2.510916033721943,1.2556897287750588,3.3087517127712096,3.5678160634356093,1.0920203210164297,-0.0127703024953133,-0.1302549722291951,-0.1174846697338818,70.47244656131528,84.29485313646171,13.822406575146433,37.82914183185085,52.22114858227189,14.392006750421046,0.0018579071492171,0.0046638827818691,0.0028059756326519,0.2732497137381626,-0.4114172230788782,-0.6846669368170408,-4.250593893404881,2
S_00090,P_026,1.0.0,2.5,3.5,4.8,900,750,600,touch,Windows,Firefox,1440,900,1.0,1292,792,60,52.92871487922585,18.19110484258842,21.84215315663329,5,13.137107039288509,0,0,55-64,Male,26,23,3,0.8752474804283946,454.5233320589338,86.65024492538024,462.9889067163186,359.4386369607353,80.74767746637335,353.9150245861412,527.652277256418,196.53232965962263,0.3724656144412236,0.2156368234806613,0.153276024802882,0.4543135452355389,0.1786332365834037,0.8813261907002704,0.0800548820514872,0.7531681305622279,1.0516816565282183,0.1323336251656078,0.9234629964023278,1.5345029605064564,0.0085580162985995,0.0081926087273461,2.7735631067925093,0.9896343847723454,1.7514975303457725,0.7229866824068902,3.298048511837846,3.564435903077983,1.178448284882312,30,23,7,0.7738814358612401,458.5566616550328,89.11627611744566,464.3820182893008,448.4249129909495,100.05803251030255,451.6016780176727,540.3069637175089,176.67531256031418,0.326990626485218,0.2112306420341941,0.1187050238506324,0.468074611860229,0.1680174681923393,0.8262026195099933,0.0872451635672758,0.5832222403475897,0.9207043106910944,0.1388008057456088,0.7566142647220572,1.123039133556199,0.0093809218624712,0.007047682909333,2.9885388980739256,1.6410810232368396,2.4785543031504718,0.8410096337052418,3.016889020423788,3.3035529958222845,0.9699593445270512,26,21,5,0.791414086324537,497.80138749863886,115.21055943023912,502.07685118689767,422.0510907198691,101.77355101734776,408.7726188967597,605.4229114324797,177.8548058430107,0.2937695328083831,0.2656799097520497,0.1212301080138213,0.4631072322707956,0.1304963119485668,0.8252583648329055,0.0845533353933926,0.6056506108559049,0.8073116503226068,0.1439820611908919,0.8176972801541321,1.237171410823224,0.0145073184589047,0.0061232893113027,3.795599627500868,1.25506934373198,2.2518925244015926,1.0928312499330797,3.280092037225921,3.157289843877002,0.9218208191226512,-0.1013660445671544,-0.0838333941038576,0.0175326504632968,4.0333295960990085,43.27805543970504,39.244725843606034,88.98627603021413,62.61245375913376,-26.37382227108037,0.0008229055638716,0.0059493021603052,0.0051263965964335,-0.2608829072556986,-0.407146059200981,-0.1462631519452824,-2.083679739678732,1
S_00091,P_026,1.0.0,2.5,3.5,4.8,900,750,600,mouse,Windows,Firefox,2560,1080,1.0,1604,740,60,54.41461669459282,21.98462779462477,29.196795338985066,29,16.308727732471866,0,0,45-54,Female,27,21,6,0.7922119125324547,444.9438077562154,100.88336447416371,427.79767392863056,441.44729675726535,86.14713595361208,446.4360413293697,571.0532150715285,158.90272857293968,0.278262558337993,0.1954527214847147,0.1238805436340124,0.3657129939622414,0.1946459704127143,0.858080822099419,0.0988029634074107,0.6515492971380841,0.7509795997403834,0.1270193283500929,0.7427176719320189,0.9110799966520724,0.0121713895331978,0.0063617248505305,3.395348999138146,0.9284346079212246,2.0317942260449597,0.9962572938950685,3.343377287391981,4.000691930312279,1.2876976160858704,27,21,6,0.7637143847908643,513.9209383115682,93.7370036978038,530.1341045580537,423.4628695017544,83.83459641660295,416.5896819607269,577.999226304455,197.21377028708565,0.3412007513366555,0.2150830794154273,0.1333022847355939,0.477640561407114,0.1789283148084878,0.8236039151356704,0.0908349473032759,0.6198103863047344,0.8209327162282207,0.14252562381573,0.970712636500266,1.2542598754892822,0.0117101011610453,0.0049016210658216,3.2494045280760733,1.4531897603449124,2.535392079946346,1.113003313898732,3.463375035962133,3.661155602112046,1.358302328026465,28,21,7,0.7468860777337881,552.5933723317314,108.93310757231173,572.499242967154,450.382312945496,110.31694783845558,431.5423682249224,652.0984269901481,226.71806619523105,0.3476746098617046,0.2532690383210557,0.1367575176484559,0.4454131179795944,0.198343236499965,0.7938779741480485,0.0882057530391664,0.5830004360767492,0.8896084667387654,0.1586346916189132,0.8835448843028638,0.9420180312341224,0.0143431209437051,0.0078115550696367,4.342365106721406,1.4682053257738468,3.0359975520168474,1.125146992724374,3.4844293863890594,3.0985204365836743,1.190880651138966,-0.0284975277415904,-0.0453258347986665,-0.0168283070570761,68.9771305553528,107.64956457551602,38.67243402016322,-17.984427255510923,8.93501618823069,26.919443443741613,-0.0004612883721525,0.0021717314105072,0.0026330197826597,-0.3395363282002335,-0.9021714937286052,-0.5626351655283717,-5.210888777049578,2
S_00092,P_026,1.0.0,2.5,3.5,4.8,900,750,600,mouse,Windows,Chrome,1536,1440,1.5,1149,864,60,53.19856941620952,17.930112692399252,26.271457234229462,11,12.316916020968906,0,1,65+,Male,22,18,4,0.831045101814725,471.31018981535647,101.14770529750268,437.53157806240966,337.9596180292902,85.66709793129547,327.777715840371,535.58110060016,186.81251839149405,0.3488034177870657,0.1956446063185732,0.1335893355566033,0.4336686767723247,0.1805042391736901,0.8526261132122699,0.0881888921432934,0.617453918309451,0.9818385043284056,0.1440189768419078,0.9721868591186318,1.152848205719682,0.0085462310148054,0.0065435371618608,4.142926287668607,1.562786339117428,1.907527566194271,1.1670608645101537,3.3091380361165528,3.3220148036313475,1.3876023179790764,27,21,6,0.7789055895653951,477.4579915354006,110.63355028938884,488.7857239084217,371.5081311914766,97.96542568314092,396.0320282255541,560.8475200448846,198.01895811027083,0.3530709346711979,0.2260135655949518,0.1518015796643569,0.4785194576557877,0.2391611481255195,0.8278035199220866,0.0894585459450089,0.6042761430399618,0.9690922954297464,0.1417229608288414,0.985546849811826,1.2559244565015295,0.0144061356235606,0.0071408624480365,3.210421614610006,1.4180330510704988,2.332240775005043,1.1533493736742475,3.288969339035841,3.195394710243602,1.131897769629506,28,19,9,0.6737316655651843,530.7120833628699,99.79591739752186,533.9767891914054,447.3084321167863,110.29695707673984,468.60425535883314,600.9714632417507,203.51201425412088,0.3386383991618165,0.2400720097100236,0.1578359575033223,0.4598547097022646,0.1499736357460474,0.8229748328105934,0.0801063679787408,0.4972551367212945,0.7282336498533176,0.1839656178684854,0.7358000250038541,1.4361994180959443,0.0126786234431801,0.0066347337716183,3.063753075105756,1.3178666532377168,2.459737112218682,0.7842596571576681,3.907874045342637,2.775582678731306,1.107989054027981,-0.0521395122493298,-0.1573134362495407,-0.1051739240002108,6.147801720044129,59.4018935475134,53.25409182746927,33.5485131621864,109.34881408749608,75.80030092530967,0.0058599046087551,0.0041323924283746,-0.0017275121803804,-0.1266200933877455,-0.5464321249000417,-0.4198120315122962,-4.625550866758854,2
S_00093,P_027,1.0.0,2.5,3.5,4.8,900,750,600,mouse,iOS,Firefox,1920,1440,2.0,1378,1187,60,45.593137588075024,14.089623722939075,17.680019752111363,33,21.28079097581214,0,0,unknown,Female,27,26,1,0.959599750509588,411.4025020397113,84.24252319500553,395.92230557452,253.97732395129165,75.55299742495326,240.7513362722572,503.0642140714697,126.91605633264484,0.2522859960669236,0.1445493720109285,0.0495552317681677,0.3929548689495639,0.1226159738476542,0.9321857440474652,0.0819685195432694,0.7551514917909122,1.067704603445403,0.0959405673909805,1.0655208782900871,1.2434319648036145,0.0089619931220789,0.0033729418633851,1.1779169005949213,0.9784397553885084,1.2436905629213832,0.9065794101517802,3.1025738764645507,5.464469694346825,0.9762098124483464,30,26,4,0.8724599308754619,389.77847255174817,94.16454988767995,381.1382113344812,345.4760772065946,89.000889587801,367.3714528511609,432.1666869099745,156.07102522462134,0.3611361772017675,0.1644703351546479,0.1118787387531548,0.3991655908098865,0.1719198405612749,0.8606642818004883,0.0700338252320083,0.681816995613348,0.978239947737916,0.0747168410249242,1.042968997536908,1.1726190904023412,0.0086529624973863,0.0059090547850587,2.240840960966041,0.6736933739770465,1.2853453933965595,0.5518433589460697,3.065786225059221,4.485659722968759,1.0361638155754458,31,26,5,0.8261522819663677,417.3498543444266,92.1541491860956,433.4458942503613,356.53412577741904,80.74222966626692,366.67611210294206,530.6187951458081,171.84481509102918,0.3238573843653769,0.2543183735661815,0.0733666299220905,0.4194121221194278,0.1318078996481162,0.845020469672315,0.0666703391149435,0.7501138338228942,0.9461538491167436,0.1248561498710675,0.9474650332659912,1.08730727165741,0.0098901006295294,0.0046321903785257,2.5074193188892275,1.1146148761668715,1.6626845938914585,0.8016838112451607,3.225878026226942,4.141384692361592,0.8477343809689241,-0.087139819634126,-0.1334474685432203,-0.0463076489090942,-21.624029487963128,5.947352304715309,27.57138179267844,91.49875325530294,102.55680182612738,11.05804857082444,-0.0003090306246925,0.0009281075074504,0.001237138132143,-0.978809971378066,-1.3230850019852332,-0.3442750306071671,6.981419965574489,0
S_00094,P_027,1.0.0,2.5,3.5,4.8,900,750,600,mouse,Windows,Edge,2560,1080,1.5,1997,733,60,54.91650693456851,16.568959997506557,20.876844769368585,25,23.88119326418448,0,0,35-44,Female,23,21,2,0.9003532290291134,389.7179134277138,87.90631937137597,387.9574271612692,288.09722934102257,89.46392853660676,283.1649573305116,441.9293237164936,137.397204470964,0.3109031175290531,0.1630517843325666,0.1192138839637492,0.3765975145051372,0.1821287082453656,0.8657173632713202,0.0623845099379542,0.6543089991167592,0.796620381972396,0.135779743788666,1.1659551559320571,1.5511437261666237,0.0076041761988755,0.0050592701040382,2.285972959755654,0.743585830650025,1.2687052496502422,1.179115115623431,3.043143489600746,4.43091753208507,0.9941155491305972,30,26,4,0.8644150462819075,385.22949913836567,89.42481511490772,376.1104061322741,387.8699866952873,84.23732500363542,388.36555447937405,561.5063323537432,152.97616219886666,0.2724388905065691,0.1499402394914326,0.1106231796109633,0.4415216509482057,0.1728391428017778,0.8756323867023789,0.0583251663175436,0.7246087373454447,1.1225873285034051,0.0929358584669997,0.9747766973448504,1.2666539875210965,0.0087152631538217,0.0055288330094082,2.513959099924848,1.1427473819365288,1.327412073360066,0.5629397618666445,3.3593582654796097,4.156004582307681,1.267883357686399,26,22,4,0.8582414723286473,410.15182776748463,101.56405274282884,397.0875400087124,392.5080348909024,90.6120964855628,377.15805605531847,540.8621247672887,179.53524194736968,0.3319427146513846,0.1702706311111333,0.1185134994892439,0.4260240487883959,0.1749137773397946,0.8494749738494162,0.0746184658155297,0.6842415209855293,1.0286334891447837,0.1300403493600828,0.8490451801493705,1.2843885211054604,0.0101883117224109,0.003956648162207,2.255739669765406,1.1128484768492255,1.8374993615161488,0.4655998947988116,3.4264516085420995,4.250307175567778,0.9244421500933744,-0.0359381827472059,-0.042111756700466,-0.0061735739532601,-4.488414289348157,20.43391433977081,24.922328629118965,99.77275735426474,104.4108055498798,4.638048195615056,0.0011110869549462,0.0025841355235353,0.0014730485685891,-0.2749129497773888,-0.1806103565172918,0.0943025932600969,4.877605587344318,0
S_00095,P_027,1.0.0,2.5,3.5,4.8,900,750,600,mouse,macOS,Firefox,1440,1080,1.0,1156,779,60,41.137231949731486,18.892800870855854,32.27723011292831,46,17.9060438153543,0,0,65+,Male,29,25,4,0.8741279342509646,382.0440446457933,93.38767903743778,363.1473767922397,359.5870227534216,79.72664192062419,385.2644906064598,490.2657846164278,141.2661991018975,0.2881420721872745,0.1626772982038947,0.0967593812017188,0.3997402024481739,0.1493956864714397,0.8691138526815259,0.0873175143537444,0.6907923231073333,0.9408321181380956,0.1292714959881277,1.0630952935557152,1.532322524293018,0.0094724196773594,0.0062330632613403,2.8055772200049462,1.1868165093597844,1.0033692723575198,0.8206523516905131,3.3044555107583133,4.344486197337098,1.269374913839329,28,23,5,0.8379223993767466,416.67481645219885,100.08855311924938,419.4175649118383,362.4332385907234,94.26546749442127,380.1004859807276,509.4675619566133,177.07319872274005,0.3475652071796079,0.1845838015509583,0.1395278752976206,0.3710846973665344,0.1363811636971483,0.8861219317483479,0.0837486716773632,0.6996127034341243,0.9976600314396112,0.1370853386086991,0.9121235803100228,1.156096324052628,0.010502709174405,0.0064131489126972,2.0299591964192905,1.062222464173706,1.6612589868904433,1.0099508139290854,3.318695244498675,4.012910519804388,1.2136438600341437,23,18,5,0.7736549033310959,407.5561562702224,93.58159251326832,399.8150151251366,394.0197370032569,100.06861554295448,387.4079495719089,625.3229889105079,169.8180168803496,0.271568485233881,0.1754833237154107,0.0891701391346405,0.4218528430371943,0.1506946603237327,0.8398014183687906,0.0876171485836057,0.7452581574242118,1.0557751776458042,0.1814066433651513,0.9031478907599958,1.0082700344596318,0.0134378870074393,0.0036704655610544,2.522340757882563,1.2058344370452692,1.9498155323871404,0.8881684403462313,3.306881495076999,3.708188937833721,1.1769083662312014,-0.0362055348742179,-0.1004730309198687,-0.0642674960456507,34.63077180640556,25.512111624429053,-9.118660181976509,2.846215837301827,34.43271424983533,31.5864984125335,0.0010302894970456,0.0039654673300799,0.0029351778330343,-0.3315756775327099,-0.6362972595033765,-0.3047215819706665,2.4253358230012085,0
S_00096,P_027,1.0.0,2.5,3.5,4.8,900,750,600,mouse,Windows,Edge,2560,864,2.0,1847,536,60,56.9616687620718,15.598985798808664,16.23126406475484,25,23.02007658203299,0,0,65+,Female,23,21,2,0.8993694298981958,343.98403358161886,75.64826538710601,381.647966557326,370.4189254806015,92.92067891574716,365.7051031660226,497.8639703735795,128.66663249222597,0.258437324548067,0.1594949658543655,0.1451018142743307,0.4024504333583772,0.157961047382015,0.8609576217405484,0.0884300456304345,0.7394799031236055,0.7786718407200659,0.090768663064822,0.9143024552536662,1.2445409263968703,0.0092364061250445,0.0049594817710341,2.534707823313606,1.1083002151570176,1.8500431332379623,0.8479660096807532,3.656798838801672,4.395182812247116,0.8839053265335163,23,19,4,0.815814867303894,406.4884119549012,76.87069962620019,402.069969297484,318.7153721977729,87.99495807495903,334.9303931269292,503.7896725073291,173.00858851667508,0.343414321408421,0.2279617187369064,0.0876939662906297,0.4119984299297141,0.154778803210742,0.8547216284894047,0.067477255053431,0.7541874169568352,0.9456207132491896,0.16624023067167,1.0028486643813668,1.2013470652052556,0.0095753398974076,0.0046608518452726,2.783916645897538,0.7647838357494786,1.3090640035255805,0.8010956015470686,3.422442018970749,4.664324961650971,1.2264861539128236,28,22,6,0.786717197716026,464.4275754266087,89.67098341367279,492.09743375685207,394.2541991427988,86.85616334531038,395.0378799287846,554.1218873211808,184.06227591736413,0.3321692936678347,0.2252367958298804,0.1258954804720875,0.4469579554275366,0.1604136710968648,0.8414742767141471,0.0686648841863772,0.6621626470746798,1.2263434579043293,0.1412977707239237,0.9642472676613638,1.2084251703068094,0.01329550779527,0.006222971257976,3.098830206580887,1.135518016413222,2.2676064463863543,1.1737418646238436,3.5264648379023944,3.700639539812888,1.1535904738141112,-0.0835545625943018,-0.1126522321821698,-0.0290976695878679,62.50437837328229,120.4435418449898,57.9391634717075,-51.70355328282858,23.835273662197324,75.5388269450259,0.0003389337723631,0.0040591016702255,0.0037201678978624,0.269142149403855,-0.694543272434228,-0.963685421838083,2.7356010403059545,0
S_00097,P_027,1.0.0,2.5,3.5,4.8,900,750,600,unknown,Windows,Chrome,1440,1440,1.0,1119,1158,60,59.13797636781712,15.857017956996486,21.217179169957173,5,18.7357209294233,0,0,35-44,Male,31,27,4,0.8649194205184044,412.0931156333574,75.3028790387138,419.5898957520114,344.1703016691013,91.11036601165635,340.18408206755623,463.2640196739192,148.0936813354889,0.3196744729705721,0.1885326912858114,0.0898589455032704,0.4053895575922923,0.1736920337712062,0.8814726745689871,0.103894739238855,0.7038656557406956,1.007837474864831,0.098548420417346,1.0175701453312995,1.4981882848590895,0.008505498227054,0.005639020325868,2.0274935908042617,0.909863665807339,1.957899700293356,0.8432581319862584,2.837958150723789,5.055512375104162,0.9337440227035972,22,18,4,0.82959521336249,466.6459911025531,91.80328465736476,469.09604013558106,342.6540354578857,75.47110753167216,344.6506706330393,541.3844491469506,171.9887132394604,0.3176831427471916,0.1791864426232133,0.1142795988086705,0.3706325857836244,0.1830777832356413,0.8684164526628033,0.0966738303526944,0.6948762110345253,0.8317558887769958,0.1248599801399553,0.9276817998902326,1.3428879802057925,0.0106277823747609,0.0044337754400339,1.971308183483003,1.1913260687439209,2.241795432864065,0.969927897973332,3.4419946030880317,4.432120924302654,1.0940770980321883,29,23,6,0.7854456472262978,488.6001506552072,105.3763458076652,477.3764705127774,386.6665715150599,95.13094705072884,388.0912992458643,559.6892769655415,201.3252068564842,0.3597088869524281,0.1664681896658342,0.1144852089133685,0.4479639943726178,0.1464444199928487,0.8458236800991518,0.0696922194914166,0.6356505962454151,1.1075044251759003,0.1624739158125128,0.9498418716314996,1.35695841182816,0.0119804242485051,0.0076930994064566,3.274472551336707,0.9888344454242668,1.6528303870779972,1.067425921560842,3.475619630518233,3.085509361900236,1.118346246019725,-0.0353242071559144,-0.0794737732921065,-0.0441495661361921,54.552875469195726,76.50703502184984,21.95415955265412,-1.5162662112155658,42.49626984595858,44.01253605717415,0.0021222841477069,0.0034749260214511,0.0013526418737442,-0.6233914508015079,-1.9700030132039263,-1.3466115624024186,2.0711415399550748,0
S_00098,P_028,1.0.0,2.5,3.5,4.8,900,750,600,mouse,Windows,Safari,1536,1080,1.0,1342,709,60,52.5104745868255,15.895457186757245,25.288380470176055,13,17.616565671673836,0,1,65+,Female,27,23,4,0.85089425936781,387.3908108890039,83.69961668620978,367.9329145285978,349.7797974434713,92.8832908465755,343.8491560121294,494.2675609474232,149.67183283756816,0.3028154074094481,0.182286556786406,0.1304447671009302,0.4379762895995781,0.1688054842867611,0.8924497353566754,0.0828585313496912,0.7046567306460527,0.8184639265897207,0.0979108331802335,0.9629462464502608,1.412277317333306,0.0112920916947857,0.0043457655169791,2.152330902427668,1.06879004573011,1.889321472548894,0.8496498017793702,3.135540149757879,3.93752487439287,1.1277830062530592,23,19,4,0.8152585007123818,419.6209329307757,102.03409127258811,434.69423655557335,350.74838003504914,98.63252138543538,349.83908209882287,552.5320296706071,173.55346953579232,0.3141057173450315,0.188347690725535,0.1070702721313048,0.4510192497030666,0.1972829858704991,0.8866293851689079,0.0651634109206611,0.7591005328351121,0.9661483023313948,0.1109356637633793,0.9379657886548266,1.4126350539421364,0.0114143217274696,0.0054464263138595,2.966335254750851,1.1683346612946472,1.6590149231950886,0.8136648522653716,3.3815352266632432,4.042841068859987,0.8489461358450249,29,23,6,0.8028946965538548,446.9018878272176,113.95508444104836,467.9467376045383,392.6674007293208,91.2146803301966,404.3724709738489,544.8529611991469,210.48570502126177,0.3863165294321086,0.2165217851730041,0.0982020937383274,0.3958136567184299,0.1396090035873223,0.8214163553462113,0.0706812474157514,0.6416524466311715,0.6643145026834736,0.1406026226133453,0.9807598116889172,1.5741859987935465,0.0094019562295518,0.0049004199664746,2.6175753636098475,1.1695068306478904,1.710974622493965,1.2917245586024064,3.490528370752861,3.5366210751407245,1.294178968924487,-0.0356357586554282,-0.0479995628139552,-0.012363804158527,32.230122041771835,59.511076938213705,27.28095489644187,0.9685825915777856,42.88760328584948,41.919020694271694,0.0001222300326839,-0.0018901354652338,-0.0020123654979178,0.1053161944671172,-0.4009037992521453,-0.5062199937192626,1.997454907999122,0
S_00099,P_028,1.0.0,2.5,3.5,4.8,900,750,600,mouse,Windows,Chrome,1440,900,1.0,1347,784,60,60.0,17.829069674222097,20.899949503666495,29,26.367504805903074,0,0,18-24,Female,28,23,5,0.8283814921064041,400.2648386374077,87.68178043247254,388.421494824454,361.9497031410574,80.52916739193701,355.2773686439424,477.4060317082092,162.63415562526166,0.3406621299763211,0.1590123936860115,0.1219605271524739,0.4168977534248312,0.1741474293470364,0.9067337591134844,0.0606816877029607,0.6756687617564123,0.8932616009300482,0.0839060890796687,0.9576626998154948,1.2514681555538625,0.0112416613633135,0.0057811015439482,2.7587693195852827,1.188048512093295,1.4585837394587595,0.9725285377978162,3.309413950089826,4.894870379476891,1.025938666808349,25,20,5,0.7840582856005405,414.1537552464834,73.6824664073838,387.2271882604309,376.6742175025488,83.0232066572761,389.9899886306544,561.9125604420018,149.8739602900863,0.2667211428272667,0.1667924999776817,0.0974524380326013,0.4269653361035,0.1851873056160831,0.8906964094186105,0.0868353914060346,0.6989532581291964,1.0714158949799564,0.1113513645536079,0.8286825948219864,1.07801293406541,0.009267744911899,0.0050065807698575,2.2032475974629757,1.0354916528154092,1.9852890850564529,1.288836596781028,3.061198028861147,3.666472795806727,0.9270682374392888,29,23,6,0.8011646096462952,449.9903844250793,94.7928046317386,439.239389309498,412.5633582013935,96.15846305786503,422.35798892084,568.1881769360766,179.47949449806288,0.3158803751705925,0.2069367703739935,0.1025233524610984,0.475892211085933,0.177768961359671,0.8547569823880898,0.0897489398713488,0.6808636111107914,0.8700863573245732,0.1619778814775308,0.947739744993809,1.6882449115149547,0.0125822900160555,0.0063362558806708,3.0311670456781443,1.107893849957728,1.9676464559521092,1.004633945180227,3.562176362772078,4.029215680097536,1.0921127599940783,-0.0443232065058636,-0.0272168824601088,0.0171063240457547,13.88891660907575,49.72554578767165,35.8366291785959,14.7245143614914,50.6136550603361,35.8891406988447,-0.0019739164514144,0.0013406286527419,0.0033145451041564,-1.228397583670164,-0.8656546993793546,0.3627428842908093,1.9839905364471686,0
S_00100,P_029,1.0.0,2.5,3.5,4.8,900,750,600,mouse,Windows,Edge,1366,864,2.0,1296,736,60,59.83720230068953,17.787463661678814,23.435120035861804,24,15.673206668239958,0,1,25-34,Male,28,24,4,0.8420083172614188,395.501853855619,91.3898615974514,402.9872926807819,338.6072760324819,80.9649122573449,313.2689240567606,439.2573315790325,162.55936279871523,0.3700777451211809,0.1650026450815694,0.1005665195810264,0.3984229642874623,0.1867271426277436,0.9044210452537984,0.0785499800998851,0.7811185948185307,1.1833785542306,0.1297071365900874,0.9448684396643188,1.3690346720462503,0.0100867627638153,0.0048533494539072,1.740511063665927,0.7292410532358403,1.6554470908105243,1.0099550761064473,3.022732763352138,4.8216602742578,1.0731798555275254,25,22,3,0.8752083097993859,433.4022500028152,84.15914030050436,426.52803180346297,379.50635383736113,83.97085841333401,396.8114698050797,530.9594066284191,152.0220437835636,0.2863157557540987,0.2104871798878353,0.1052360841425432,0.4764972686969492,0.1308964444006984,0.8686264854562903,0.0909837352765507,0.6519663132013346,0.8828622009260904,0.1173189034637942,0.9052381762939644,1.2919315724611065,0.0085948293736088,0.0055580121062235,2.8146843163614594,1.0907774352334227,1.514429183781146,1.156384212853364,3.429538544242528,3.7311334479085136,0.8562309983796824,22,17,5,0.7936829263165418,463.8281757272891,107.2104705751033,468.7204289980483,376.30945518991695,103.90261900774604,382.9508373513309,566.7782263325771,160.18584072657575,0.2826252549662715,0.2012732181401567,0.1335675441699054,0.4278709985020545,0.1896696941801051,0.7865101794496235,0.0710958922791057,0.6469137967017928,1.1060186331028814,0.1183983601507861,0.9590714419259204,1.4676112091132396,0.0110957273042411,0.005295456938781,2.992938130812392,0.8374991840722456,1.923959480218472,1.2055695413223468,3.562398221629663,3.5486860065456884,1.067307987408536,0.0331999925379671,-0.0483253909448769,-0.0815253834828441,37.90039614719621,68.32632187167007,30.42592572447387,40.899077804879255,37.70217915743507,-3.1968986474441863,-0.0014919333902065,0.0010089645404257,0.0025008979306322,-1.0905268263492864,-1.2729742677121116,-0.1824474413628252,2.5117842305081037,0
S_00101,P_029,1.0.0,2.5,3.5,4.8,900,750,600,pen,macOS,Chrome,1366,768,1.5,977,481,60,60.0,15.614080268308218,18.55340854799644,30,19.04037722042044,0,0,55-64,Male,29,26,3,0.8841307135055405,397.5984921776919,89.23418145106076,381.220134244272,312.2493785373801,82.30927995896704,316.611078584916,488.6498258133408,164.5967484953547,0.3368398796037409,0.1827237488716719,0.1368096939481044,0.4104493493919108,0.1666404851253154,0.8916811992003453,0.057072860446269,0.8116234684832047,1.0229956588289242,0.1189587621404895,1.053325652099813,1.2165283257422923,0.0074990625053536,0.006989060954077,2.325602939188516,0.9722910765446104,1.483116420172521,1.1335535380198032,3.3401471719601457,4.092040575380377,1.2614487336040194,29,25,4,0.8757142658956463,406.71058158775446,80.88663092552193,390.9004519868406,365.420397121863,74.87394135155043,368.20533402616354,625.5181053488155,163.87814206653985,0.2619878476181827,0.1664218195239339,0.0886708884342985,0.4688446113837453,0.1857960107319851,0.9008875508676976,0.0769022633111372,0.7773376780049137,0.9255392312591644,0.1240926405587325,0.9958896413459344,1.5532566811272177,0.0105623466542538,0.0048165293052853,2.475058268483248,0.7531255689122656,1.004729903529704,1.0825744310748928,3.2637884170540485,4.1536731375211575,1.1409481589582278,31,25,6,0.8053644636105133,491.5242835767394,102.64192354267392,486.9910816230395,389.3996235660626,84.45236387910361,377.9276402983811,463.3107416505434,171.23682284618684,0.369593897685506,0.2063198384219993,0.0930455744721641,0.426728964188678,0.2056283322649759,0.8620192463049866,0.0675621336621483,0.6501583906896556,0.7469179168634343,0.1513406966605541,0.9173139237691096,0.9723439531349276,0.0118752574817582,0.0058810199306233,3.1626851221851195,1.0737372504889586,1.83521917467487,1.313559093151141,3.484987923414933,4.005015833223529,0.9353752105467968,-0.0084164476098942,-0.0787662498950272,-0.0703498022851329,9.112089410062596,93.92579139904755,84.81370198898497,53.17101858448285,77.15024502868243,23.979226444199583,0.0030632841489001,0.0043761949764045,0.0013129108275044,0.0616325621407805,-0.0870247421568484,-0.1486573042976289,3.2655459014345642,0
S_00102,P_029,1.0.0,2.5,3.5,4.8,900,750,600,pen,iOS,Safari,2560,1440,1.25,1943,1336,60,51.975133390652665,16.235348221392606,24.39011659781486,38,30.903591092342243,0,1,25-34,Female,28,24,4,0.8580520978828564,409.7480977731171,93.18284073997737,417.8036517731261,290.9452779084905,74.92026588457574,284.3710277748065,488.4041889103535,153.9270658337563,0.315163279367388,0.1519768108993396,0.1285775820040963,0.4068873530724412,0.1800250689571771,0.900737614395682,0.0793915813910589,0.7697453863694438,0.90837643099315,0.1157570614174036,1.063926574486751,1.5871977944159776,0.0094537406734156,0.0044495394567635,1.865826051016936,0.9959283788484246,1.5642341601884842,0.8877712760627394,3.031440190155363,4.225751481057504,0.6974402300882556,27,20,7,0.7530052865364764,405.5928529558301,108.70974275609338,378.6411600989587,335.100920654818,87.5175461830853,352.67587477542,468.8156651947184,145.2597606679701,0.3098440846844095,0.1759337255760149,0.1046466073056615,0.4221726581440079,0.1815601273039867,0.8668186822672451,0.0745099194615768,0.6621261766258852,0.7507865337150235,0.0903163525889348,1.0239683485294706,1.3232821713162342,0.0072228995567535,0.0053517010228114,1.930824450132104,1.415033758893605,1.5137484712714788,1.0485196934880825,3.4833444541077485,3.926928534672807,1.0236255639574643,31,25,6,0.7926559194248199,450.7149175124487,87.7108646064773,442.4043742167308,373.6422650138232,97.31392959023356,362.6023988672056,570.9477965378923,184.85264551476791,0.3237645309005054,0.2178862651885419,0.1220640205876767,0.4840566338613198,0.1676147855206456,0.8440354406039962,0.0834685678447116,0.65129742147222,0.7410653247508617,0.1465604030015564,0.9230993445273786,1.0919702327672234,0.0124203928450598,0.0068459229905243,2.106455964330903,1.287422994142307,1.1722747330238223,0.8321611702879552,3.760077386836387,3.6542400760882687,1.025709255697407,-0.10504681134638,-0.0653961784580364,0.0396506328883435,-4.1552448172869845,40.966819739331584,45.12206455661857,44.15564274632749,82.69698710533271,38.54134435900522,-0.0022308411166621,0.0029666521716441,0.0051974932883063,-0.2988229463846967,-0.5715114049692351,-0.2726884585845384,3.2028268417081733,0
S_00103,P_029,1.0.0,2.5,3.5,4.8,900,750,600,mouse,macOS,Chrome,1536,768,1.25,1057,496,60,60.0,15.956921367099756,19.17185399462891,1,11.893529177851724,0,0,65+,Male,27,24,3,0.8861737704825243,364.8481326325538,85.20587843254603,361.2497904307815,321.7118434336439,79.01933349955493,295.8083587108336,564.042705961606,135.13690972121333,0.2395863084353262,0.1436075738145475,0.0867429512243725,0.4275736517275921,0.1599604307726986,0.9028969597256074,0.093935181714915,0.7477526932276269,1.0825025398385053,0.1183394317502203,0.9691697015602212,1.4780439613215002,0.0075185504627709,0.0067364306246547,1.942605200663788,0.9837166235349056,1.171729072017274,0.7246307435682641,3.13598535165072,3.780627497671686,0.974482774555254,24,20,4,0.8397107441148431,427.5433277579332,93.34935428896084,438.15788922442266,344.67377253095987,84.2954623975178,326.8422938772497,485.0468780945556,152.15185259889955,0.3136848405181136,0.1573248421139756,0.0782902271754887,0.4230721422371897,0.1719890833856766,0.8997587119103884,0.0843795984593755,0.8381317686697405,1.079267036564809,0.1147204254882883,0.8893290720196025,1.3438157971410514,0.0101709030385907,0.0060478171432213,1.961935899052076,1.1496310054474643,1.7398353044914938,0.9372896337103308,3.217510113771421,4.687863119934089,1.317028762578295,23,19,4,0.8191632906198774,368.6467965091276,103.51438797796592,396.69911575725394,372.0454407614928,83.86820941165098,374.6327787008856,575.9853213534051,151.48856361725402,0.2630076809271772,0.1973069313560059,0.0976636413878913,0.4858934940445811,0.1765662369212181,0.817759132588213,0.0692525645918022,0.7550811448624267,1.0908049828753097,0.117966347516104,0.9206499784921216,1.2353836062308994,0.0108261287856875,0.0036863386818889,2.4745369005914486,1.3571500288151994,1.8099320729869588,0.8888318996394097,3.5050788470280363,4.555948981089644,1.0108138414441377,-0.0464630263676811,-0.0670104798626469,-0.0205474534949657,62.69519512537937,3.798663876573812,-58.89653124880556,22.961929097315988,50.33359732784896,27.371668230532972,0.0026523525758197,0.0033075783229165,0.0006552257470967,0.9072356222624034,0.775321483417958,-0.1319141388444453,4.84711888203793,0
S_00104,P_030,1.0.0,2.5,3.5,4.8,900,750,600,touch,Linux,Chrome,1366,768,2.0,1238,510,60,53.98141109698521,15.759270877816231,21.759537970707147,33,25.5524013099356,0,0,18-24,Female,31,29,2,0.9479746572603872,391.9387883685647,91.96665644018918,410.07535697289376,325.7697197237717,89.13151280740082,336.4225223285708,518.5674249438705,160.4351578479486,0.3093814808466112,0.1643652527268836,0.0993398006692052,0.3622388517066765,0.201421439053991,0.9137664705965934,0.0763630878327168,0.7357020999021883,0.9902466954529856,0.1092081985713254,1.048422032071726,1.5085730753425162,0.0074176780284098,0.0038290956931092,2.1406972015267667,0.7096950642542955,1.3507480308000284,0.7925159327670834,3.2737622288302504,5.379584723691821,0.7026653052039018,24,20,4,0.8466220519227423,410.4367765700889,77.63826932497265,395.4837030166941,350.13562036386526,84.87380197926362,373.3842417427007,511.3675214144719,174.1228147361922,0.3405042507481869,0.1721452070482234,0.1293978400848077,0.4438145615005904,0.1530919455171078,0.9090314974180608,0.0734098762292132,0.7288318498516924,0.99070959656402,0.1193001681907472,0.8063213991742804,1.1284954394458222,0.0077454656096987,0.0069220283608119,2.981418057705848,1.2295261982103654,1.556306098096453,0.6927509114686963,3.2213628498086595,5.005600428520724,0.8905242908114419,23,17,6,0.7255464460647312,460.2956972279092,109.16095149490556,435.4074619204114,398.7731297218173,103.17769868664816,398.1379208331748,468.9142861076037,178.2536055014438,0.3801411276698428,0.2139022352062755,0.1032084520405997,0.429002622781661,0.1466314923915583,0.8242944453766724,0.091338411733623,0.779061905806308,1.0287442500567756,0.1399443252737833,0.8807706701477848,1.327156897638703,0.0140708590746137,0.0037664618786515,2.860538180898325,1.166942980248256,2.0321282837648966,1.22291743235913,3.789402731825673,3.751956474016181,1.0953299496128897,-0.1013526053376449,-0.222428211195656,-0.1210756058580111,18.49798820152421,68.35690885934451,49.85892065782031,24.36590064009357,73.00340999804564,48.63750935795207,0.0003277875812889,0.0066531810462039,0.0063253934649149,-0.3739842951710965,-1.6276282496756398,-1.2536439545045432,3.631558022858078,0
S_00105,P_030,1.0.0,2.5,3.5,4.8,900,750,600,mouse,Windows,Chrome,1536,864,1.0,954,559,60,50.59409395256941,16.048185159650686,19.52085329485857,13,21.18123748963401,0,1,25-34,Male,24,21,3,0.8809246237503982,421.2130047016772,94.85567515132628,404.5148831928445,340.196777902378,74.40547674457281,317.094220969267,527.3768427214732,146.37192383752318,0.2775471199724776,0.1949199940557062,0.1002502331060301,0.4442459249180838,0.2005281031989018,0.8751267274495609,0.0812987887358156,0.7752598895532182,1.339048993503578,0.0961163890585349,1.0954659723335078,1.448067875038541,0.0072341948657503,0.0054281334007263,2.284670303832305,0.8978460754890626,1.66771237093576,1.1237799366838068,3.2357300981093022,4.349108706895303,1.0099472753230454,31,26,5,0.850697384216699,444.6330032896369,93.65672373269474,465.67345271908255,349.41900423545326,88.71313297165791,335.9295104160039,566.8306539818094,191.8420886822209,0.338446919436325,0.1870559050684041,0.1262285949212619,0.376290976790335,0.1795600428744417,0.8480511008539647,0.0748558137480585,0.8576422737987588,1.1440687821416105,0.1056861470276054,0.9937331733609932,1.2661718953725898,0.0088551249713848,0.0076512601039511,2.9504092098991226,1.178731439111269,1.6365132982060389,0.8700601889896505,3.551372280026623,4.286056276360857,0.5697973141417684,30,26,4,0.8594058908620327,454.26379315794327,102.42815775148456,437.9633709564213,398.6734822214588,101.5602335062193,403.7581638298379,511.16319218920654,185.82530028050695,0.3635341963584184,0.2376759101623098,0.0980063602435497,0.4226841029778308,0.1953827966188108,0.8276114787803601,0.071375606567262,0.6464931407078397,0.8886954229889822,0.1078896494931712,0.886434135066026,1.2709893379369843,0.0122710980453834,0.0067061136231401,3.587441288270344,1.412120803445001,2.274456000502481,0.9024711674306488,3.390539639506468,3.6930115895562,1.1200549010500251,-0.0302272395336991,-0.0215187328883654,0.0087085066453336,23.419998587959697,33.05078845626605,9.630789868306351,9.22222633307524,58.4767043190808,49.254477986005554,0.0016209301056345,0.005036903179633,0.0034159730739985,-0.0630524305344453,-0.6560971173391028,-0.5930446868046575,2.6085041706045846,0
S_00106,P_030,1.0.0,2.5,3.5,4.8,900,750,600,mouse,Windows,Chrome,1366,1440,1.25,1208,950,60,59.400801920337706,15.412302614987984,18.839600326823664,19,15.81269425844691,1,0,45-54,Male,28,25,3,0.8858232025664052,363.7361660541106,84.06258893389818,357.85196111042416,314.39567634898293,77.96865734093322,308.7835358212976,461.5115709554482,125.58906560510198,0.2721254969731315,0.1301793595091259,0.0989128736674746,0.3549952336080738,0.160319453045089,0.9323880206005326,0.0598509615974201,0.7367741936316589,1.2426507401442248,0.1154364926081282,0.987889915133638,1.314357519955752,0.0093714328574513,0.0070594664780581,1.9422447402105931,0.9212168529084834,1.068204653881282,0.9251733886165658,2.9891468945273134,4.487579064026827,0.8682516659480523,22,18,4,0.837794159672898,415.74493104598247,76.80420946079849,413.7723267291898,328.30304851716653,82.50436838000672,301.76861762609184,544.810830574966,160.5292294689909,0.2946513183292932,0.2428896746185849,0.0889703971411476,0.4475042733594888,0.1366204018116717,0.8702107084241201,0.0601590479725014,0.7337682319600877,0.9904846623895384,0.1131205949649423,1.0600745370157714,1.3250096910653528,0.0104176667165723,0.006184249487702,1.801297699643017,0.9230560411512632,1.6780055639101,1.0305848660002688,3.5331856648882303,4.214345053159683,0.9570835257171224,30,23,7,0.7694681703874923,446.8712751502679,95.46000488472228,450.9817590926537,379.1884845166113,98.52258087616832,385.9532511547624,517.9591942597233,185.33128100347207,0.3578105824887439,0.1429963383852693,0.0952003274753802,0.4026084969150071,0.1913390554089497,0.8334705083262212,0.0680297843216347,0.6774733119428803,0.8560286205270906,0.1276209277855433,0.9494282739865512,1.236122208810611,0.0109235629164533,0.0043535368737193,2.2610726869932782,1.084866289004196,1.9998274266510967,0.618922853357815,3.597991212307127,4.0653196566531165,1.1507575528563985,-0.0480290428935071,-0.1163550321789129,-0.0683259892854057,52.00876499187183,83.13510909615724,31.12634410428541,13.9073721681836,64.79280816762838,50.88543599944478,0.001046233859121,0.001552130059002,0.0005058961998809,-0.273234010867144,-0.4222594073737102,-0.1490253965065662,5.03066712189167,0
S_00107,P_030,1.0.0,2.5,3.5,4.8,900,750,600,touch,Windows,Chrome,1920,768,2.0,1688,688,60,47.329700583892695,21.157574517397315,24.383775291594624,46,18.23607512392866,0,1,65+,Male,30,26,4,0.8765019104290597,401.2970266413687,72.82842019134179,413.91083514427214,339.3424603517657,62.78652666325381,342.97267171753646,481.96458332864415,147.8727474078491,0.3068124765238548,0.1538045656177894,0.0899662959986494,0.3451073135241511,0.1727790754594876,0.8891713184898662,0.0611892517923828,0.743590132577131,0.9581961091684064,0.100663655482897,0.8495966853427815,1.3020118121889654,0.0071388368914502,0.0055574769806482,1.9226373306918003,1.0210960416517965,1.8927911104284572,1.03045464903172,3.3695059919434205,4.688963762321217,1.0835525465221625,31,26,5,0.8311293407690628,408.02968025220287,100.73138582088548,415.6231201708068,363.536492842436,88.75971255113376,349.6443909190673,514.0292934096336,176.8299051175017,0.3440074474055016,0.1487288990914585,0.0776037458572605,0.3492679386935429,0.185603834018806,0.8846471369815657,0.0839103429970625,0.6765953701501328,0.8589696512459729,0.1194631816628931,1.071638278625639,1.6757124977689468,0.0113791261863759,0.0058252264506104,3.020097787144928,1.0476728537314817,1.6098209037587956,0.898326584748283,3.173192844587064,4.152075561673602,0.8565198023034544,30,24,6,0.8140053251520467,460.04458832424353,110.57856643845228,484.4838303679564,424.973241599755,82.57385049610824,439.3529385007535,529.7815821501403,200.4289112666525,0.3783236677522906,0.2119376717187805,0.1050075495057079,0.4185894459929238,0.1423654315029253,0.8610263446996512,0.082928459868556,0.73708598079006,1.034704156027795,0.0854420853450286,0.8424585221316014,1.2621892180086078,0.0112738379137599,0.0049353647588788,2.372654002109066,1.2883592586443016,2.1099611541277765,1.0243692534526696,3.3889596626822414,3.7830295548186,0.8234662699415732,-0.0453725696599969,-0.0624965852770129,-0.017124015617016,6.732653610834177,58.747561682874846,52.01490807204067,24.194032490670335,85.63078124798932,61.43674875731898,0.0042402892949257,0.0041350010223096,-0.000105288272616,-0.5368882006476152,-0.9059342075026172,-0.3690460068550019,3.730024088476664,0
S_00108,P_030,1.0.0,2.5,3.5,4.8,900,750,600,mouse,macOS,Chrome,2560,1440,1.0,2231,973,60,45.99628463287568,17.15354959338562,28.46181831142943,1,19.313034981928443,0,0,25-34,Male,31,28,3,0.9121227952252682,397.0809848397888,84.29859297322974,421.7257532425851,322.47784620920754,91.40229972269476,324.98103418560794,509.825745915732,140.8315596833248,0.2762346955043783,0.1674679870416009,0.0845896788816737,0.4070619073167832,0.1794455377894774,0.8983632147775904,0.066980511617135,0.7147665714186816,1.0292298689364774,0.1078039679385113,0.9697250240158256,1.605245165309659,0.0077767883061081,0.0066820544602926,1.8592729291405936,1.251283415595016,1.813263763539025,0.8381723678191406,3.017378472070684,3.813186998239358,0.9479783724917497,25,20,5,0.8110943395352758,422.5218740553132,80.20492153874989,426.03019693687264,340.1327415651903,87.1892439224739,346.1456952004807,482.4189848418672,156.1414377147209,0.323663542731227,0.1673659425212701,0.085754225839325,0.4545478144468292,0.1648292225550548,0.8239064112524167,0.0697835518460898,0.7476047063146198,0.9062416703237348,0.1539875974067459,0.8998700569323221,1.3253812653047905,0.0119582298612938,0.006051829964515,2.0113476046861534,0.93183348305642,2.131839293217807,0.7793231075641543,3.466351477085331,3.992238966935323,1.0614609967134228,28,21,7,0.7444399659376346,437.6914701644075,93.21390887851888,434.3074754060349,393.63757124348257,99.7142871075944,399.5238412805946,524.3237471148731,185.1654761662196,0.3531510391911585,0.1900573017059693,0.133601170372525,0.4432297680904732,0.1655100176499742,0.8443944326888942,0.0752527149277195,0.5779665347819469,0.7005949468552148,0.1615868939213656,0.9247083051287542,1.022473134774238,0.01257144008448,0.0050423771723339,2.539345213539053,0.8913526533139638,2.3267968374974397,0.5471457244294797,3.358370188834076,3.692882987639488,1.2769998591660745,-0.1010284556899924,-0.1676828292876335,-0.0666543735976411,25.440889215524408,40.610485324618764,15.169596109094355,17.654895355982774,71.15972503427503,53.50482967829225,0.0041814415551857,0.0047946517783719,0.0006132102231862,0.179051968695965,-0.1203040105998694,-0.2993559792958344,2.6065379960889588,0
S_00109,P_031,1.0.0,2.5,3.5,4.8,900,750,600,mouse,Windows,Chrome,1920,768,1.5,1286,531,60,57.43892322876108,18.215186103776507,22.673515716953627,6,22.77085456510779,0,0,55-64,Male,23,22,1,0.9562645454918812,324.0429747939424,74.4738655660571,358.4274954133201,253.49242507028532,80.6317151961493,268.5637753355085,454.37906790294016,141.64466814688612,0.3117323797520153,0.1075807093587415,0.0414925385179203,0.3257269641820717,0.182957471932915,0.9206386975654308,0.0527560120841347,0.8045321952434894,1.200306332429432,0.0765388568277526,1.0992007086722864,1.6612218112515889,0.0070089582379287,0.0031505683113024,0.7594674226842055,1.0456057035785424,0.8399657256288845,0.4006659789806883,2.932532646965968,4.576382319433854,0.6245560947364566,27,22,5,0.8292521570764092,300.70383851455193,69.34594103697655,307.6440578403205,328.00183578812755,73.42412224731572,330.0127338410581,465.3168653835999,139.48810722919268,0.2997701514949407,0.1480988158681163,0.0870094685992894,0.3644719990884869,0.1967264927486339,0.9321267602905048,0.04988136568306,0.842922425068439,0.9979140082692726,0.1023221863414518,1.0167510255011472,1.2005841082885502,0.0078555784497606,0.0050675276666107,1.6899587266101228,0.9847951775095914,1.1270748441355236,0.7449780027583773,3.244446008861235,4.891546502804648,0.9642106678759071,22,18,4,0.8297266849500926,400.77665847382025,84.73521129159761,399.6413704183307,332.5281530406312,82.97641837646869,342.3722369135484,493.5217227939602,158.86655314485623,0.3219038713138494,0.2015407517198721,0.0971661420661023,0.3675298735272195,0.1559783754440623,0.8872615601042375,0.0737928485495825,0.7571886051175288,1.0298297429206718,0.1078152980784049,1.0761077043128071,1.2933278619622146,0.0098435846078952,0.0044878228288622,2.330990433877636,0.8119665402051917,1.1373774240319292,0.8683376585407183,3.364869342760048,4.494740457033155,0.9729050825639664,-0.127012388415472,-0.1265378605417886,0.0004745278736834,-23.33913627939046,76.73368367987786,100.07281995926832,74.5094107178422,79.03572797034585,4.526317252503645,0.0008466202118318,0.0028346263699664,0.0019880061581345,0.3151641833707934,-0.0816418624006996,-0.396806045771493,10.229185682977256,0
S_00110,P_031,1.0.0,2.5,3.5,4.8,900,750,600,unknown,Windows,Safari,1920,1080,1.0,1346,936,60,56.90034447539603,19.58623257785043,27.32648508055606,11,13.746662268067972,0,0,25-34,Female,23,22,1,0.9716727621103236,286.5648642498578,68.07266104094677,278.4669163327087,264.201779185933,59.41947733855631,255.41827443418768,448.2532233476924,120.06490368275358,0.2678506197592336,0.1000560245089421,0.080411579661692,0.3022715804415933,0.1045442811443685,0.9766334005867254,0.050930814138225,0.8973998150283355,1.0741848101073677,0.0964157497751787,1.2553190636952871,1.5692081325222322,0.0033182193005477,0.0031971028689877,1.1088839516720412,0.7465336755851403,0.6047457502585644,0.6739446529708528,3.3138194347247243,4.973662093409061,0.799106918645816,31,27,4,0.8635667221140123,360.4882298551393,69.16945218392932,357.43433473687963,281.81078081879133,68.06593729156317,281.71688328779777,421.050268305284,121.4499187190884,0.288445175935693,0.1330927687261708,0.0378962167117441,0.3923425602263358,0.1467400711764865,0.9424614669376894,0.0380739056141269,0.826850952427674,1.2435723669242806,0.1659054814177107,1.2492252051693984,1.7547667167070409,0.0070755266898631,0.0026965354781357,1.518892504972288,0.4885650673498014,0.3888407873810121,0.3768990359891925,3.4663583969752394,4.608217895607201,0.7467336160625476,27,22,5,0.8020028021104185,312.6736877803211,74.67691708843175,333.7527594887015,289.0972684170601,70.90180973959758,282.16516087065617,477.1356209311357,132.1559032680907,0.2769776505266719,0.142988344930418,0.1080018511032527,0.3349384200234886,0.13941340983282,0.8989894584646796,0.0663692023168684,0.8402507281601954,1.0384952708093451,0.1006159359063764,1.1302926286921675,1.466538351349744,0.0059493981647058,0.0047871212814438,1.8753963068378856,0.4999687293952157,0.9077986472678422,0.5865877672060473,3.3105221799250626,3.482934121115033,0.6310160032900402,-0.1081060399963114,-0.1696699599999052,-0.0615639200035937,73.9233656052815,26.10882353046327,-47.81454207481824,17.609001632858337,24.8954892311271,7.286487598268764,0.0037573073893154,0.0026311788641581,-0.0011261285251573,-0.3654441978018603,-1.490727972294028,-1.1252837744921678,14.679987667140546,0
S_00111,P_031,1.0.0,2.5,3.5,4.8,900,750,600,mouse,Linux,Firefox,1440,768,1.5,1314,689,60,59.21058073082634,13.379176606957603,21.52628362893475,18,20.678353014387348,0,1,35-44,Female,30,27,3,0.8887447543291391,287.9819536561053,59.50577248286893,280.1724523822874,259.40684651612975,63.562680798885,268.5061633512058,426.58194463993766,129.8509331192856,0.3043985680849386,0.1224627349230219,0.0825516485599629,0.3357322532697922,0.1182864480146849,0.9269688079396048,0.055527780790534,0.9674635231690292,1.0556031647190116,0.0705695296175089,1.1621333957885005,1.4666334827976266,0.0075058602805412,0.0036389550536894,1.069400529274392,0.9524162995617308,1.3169399909716812,0.9736176224185162,3.1795019173836288,4.956716411910771,0.7991258343464813,23,21,2,0.8937462580783095,299.6634761928448,82.96728023276688,296.564339277003,287.73826051234886,64.41046086106611,286.9908260104615,375.1102185968887,132.48705460240157,0.3531950025194554,0.1251616353961861,0.0846889635455991,0.4122936201160523,0.1503872089971555,0.946544451926942,0.0659266515729591,0.8904564357489937,1.3633117181021666,0.0763123230378016,1.069457391191561,1.5197790262631592,0.0070893882872913,0.0041678068169992,1.3037503320916914,0.6702388534335239,1.4399558927286755,0.4721457248648677,3.422958838886232,4.79752628602277,0.5552659529933142,27,22,5,0.812055558995936,367.761781884455,80.73824899447897,369.04562898361706,288.18243714896056,101.3869176072612,287.32808972408657,491.6376806150099,149.50241243440672,0.3040906308226578,0.147971042984413,0.1172027527829173,0.3229964711574945,0.1445220010524622,0.860546332652072,0.0554245182979533,0.7612990378809119,0.8929817158706022,0.1080578942779732,0.9044926612693418,1.2071693889815371,0.0085994710053597,0.0025881764377863,2.3365045775143893,0.6705989218790044,1.1284812193567173,0.57367411484591,3.471765081935412,4.5798968187442295,1.1630703182173718,0.0050015037491704,-0.0766891953332031,-0.0816906990823735,11.68152253673952,79.77982822834969,68.09830569161016,28.331413996219112,28.775590632830813,0.4441766366117008,-0.0004164719932499,0.0010936107248184,0.0015100827180684,-0.159190125888001,-0.3768195931665419,-0.2176294672785408,12.350434796412898,0
S_00112,P_032,1.0.0,2.5,3.5,4.8,900,750,600,mouse,Linux,Chrome,1536,864,2.0,1070,654,60,58.96200566195202,17.840682068902936,18.376431178799464,22,21.952715562676897,0,0,35-44,Male,24,20,4,0.8139714962890936,455.667372489597,91.48617026286588,449.0512372870296,345.9714424167354,85.33342126930772,332.803908617494,564.9564778862771,151.34068798802588,0.2678802596515939,0.1756889926522866,0.1046263697079126,0.4091078210705516,0.1564187534950584,0.870636326088047,0.0885314361364229,0.6431469395731899,0.8822741856538487,0.1199901361565618,1.0018577896659302,1.260119014145267,0.0095771862694426,0.005373984087167,2.2989998427902205,1.3498380413812845,1.869469368830582,1.043962754283578,3.39119617342931,4.49300982811815,0.8860656361436972,25,20,5,0.8058645462716924,445.6605379489186,100.82152165081806,471.5562864772304,420.1530815512033,96.87959450025087,430.5354544891952,534.5109030092892,149.75288109868018,0.2801680569200244,0.1983210114670584,0.1147454647643773,0.4070468970046653,0.1999341489833845,0.8749357873301059,0.0819264472541497,0.6371172386209254,0.9393153908767408,0.1360073250592881,0.8222469333178718,1.0743452353297829,0.0111953564207968,0.0064681918099361,2.9977383379722027,1.2860749190893133,1.6325542127445494,1.1660443311359034,3.320512382601277,4.560229742995949,1.0748556267924556,29,22,7,0.7513988933536377,560.7307919827796,107.95278519061996,561.7452500719198,399.8617968006623,113.1861726613475,413.7710158347811,602.7494928626568,184.59674841226607,0.306257824516044,0.225413431212223,0.0959214589369878,0.5116940252703949,0.1788441581908234,0.7922980503583559,0.0947269581249954,0.5861927421113787,0.8763456171190653,0.1696284319518763,0.8901818815942573,0.910686549019402,0.0143230454823855,0.0061193914527943,3.1903921721002826,1.2221860532968458,1.852992769547401,1.071434965251278,3.2793412939436037,3.074737675698574,1.1564404470496492,-0.0081069500174012,-0.0625726029354558,-0.0544656529180546,-10.006834540678426,105.06341949318256,115.07025403386098,74.1816391344679,53.89035438392688,-20.291284750541024,0.0016181701513542,0.0047458592129429,0.0031276890615887,0.0672199148777989,-1.418272152419576,-1.485492067297375,-1.4911372399043323,1
S_00113,P_032,1.0.0,2.5,3.5,4.8,900,750,600,touch,Android,Firefox,1536,1440,1.0,1082,1198,60,49.456253667986985,17.24350770306628,21.03165525444384,0,25.196140831690293,0,1,35-44,Female,30,26,4,0.8544754784737546,433.4030123859732,77.83426552159398,427.5254461370158,369.40439003196497,93.24642457096908,362.1346604183195,519.8270851131927,177.55447953847602,0.3415645021648178,0.1782845583793769,0.1277012569693083,0.4161817468611278,0.1919932709862184,0.8683330320156134,0.0978545735332928,0.7898356773102649,1.1447082678125855,0.1535840478760348,0.8284644119010954,0.9652577504098464,0.0097934706388286,0.0061791367096465,2.617251053831532,0.8991540989509517,2.21443038409095,1.4515255083295442,3.392148151875894,4.470302653030439,1.1546038024299974,25,20,5,0.8110223862317518,504.9140455843003,94.56315254382066,511.7384043016594,409.3518316795253,101.49273436106648,419.52665334882295,541.7433257560758,166.54000372729416,0.3074149616792512,0.2035309599128531,0.144831848306784,0.4193954041416657,0.2045514111324929,0.8538958526467948,0.1046409788070199,0.6749090846675266,0.9132788563120148,0.1462524094300741,0.882609188909124,0.9633182204063502,0.0111150297273687,0.0058816121353184,2.299607036851474,1.2129741109186438,1.428819804811037,0.9511484946270612,3.356539398806701,3.764318170953556,1.0590254407251345,28,21,7,0.7488806325942307,465.47273372631696,105.6655895992574,464.6014376274404,397.9007589394169,102.44483955917448,394.7633270784514,577.8779402440481,226.78429171011797,0.3924432408932982,0.2239231245979451,0.1171734299802938,0.4554444364992765,0.1633393304262262,0.8327807748652367,0.0745165877636826,0.5895701330990955,0.7749811459544637,0.131459244570784,0.7426335922830982,1.0231926122092192,0.0144258144578438,0.0063348855498529,3.888764129146649,1.3777724098753792,2.452142315276069,1.3972156661887,3.4694281607495183,3.2604459946819078,1.1189661984091364,-0.0434530922420027,-0.1055948458795239,-0.0621417536375211,71.51103319832714,32.06972134034379,-39.44131185798335,39.94744164756037,28.49636890745188,-11.451072740108486,0.0013215590885401,0.0046323438190152,0.003310784730475,-0.7059844820768832,-1.2098566583485315,-0.5038721762716483,-2.029289263532172,1
S_00114,P_033,1.0.0,2.5,3.5,4.8,900,750,600,touch,Android,Edge,1920,1080,2.0,1267,676,60,57.66735756306963,16.841194664387007,24.538629380647485,26,11.67326041814989,0,0,25-34,Female,25,20,5,0.7988784632997521,459.10431434763234,100.31388965081288,449.5950203494894,383.4176339592416,90.36643229474788,380.6331890510732,557.3545642948488,174.0474864378737,0.3122742641536887,0.2172374720248138,0.1313605752396522,0.4159604580233597,0.1873464439370546,0.879727199375997,0.0672508594157191,0.5700332782348607,0.9302264128019396,0.1606347343361618,0.8102746075529603,1.1753434981778943,0.010423910130538,0.0062507837877151,3.0803421334723016,1.043748734189203,1.7236416998306618,1.0164918504092697,3.178193660315876,3.428954339065892,1.2951892362118924,27,21,6,0.7680921961186836,464.15139384573473,103.37740932140686,466.0850179867472,420.7721617561707,87.62553089724878,437.5408009209324,558.738130264887,180.57775109337663,0.3231885230524149,0.1885332981167525,0.1024772067651301,0.4639334894684101,0.175076666652836,0.8116013486611586,0.0947695519227082,0.5974811543571041,0.9854585468209472,0.1428016938213238,0.8894717303481947,1.207746768433667,0.0082404844330949,0.005374827408903,3.147845946082245,1.3752686074498937,1.6989047432619462,1.0660217434214223,3.151660386917896,3.545155683836731,1.173831967138541,31,23,8,0.7552237132176403,518.9715814792565,116.19928771133225,524.2267186181141,489.1849737233973,93.54235842769506,495.5180430583092,633.9282453939794,207.3650280722664,0.32711119843444,0.2476961973815499,0.1437386511589974,0.4205578413600893,0.2220182518898919,0.8037737638239648,0.0975750808222761,0.486394559055061,0.767182779472804,0.1473622324162383,0.8678870206150148,1.2654475884853416,0.0144122994961622,0.0054526722117252,3.503342081642291,1.2662893704054845,2.6303999624906123,1.274601484080208,3.506571388301292,2.5243783251193426,1.19287890642853,-0.0307862671810684,-0.0436547500821118,-0.0128684829010433,5.047079498102391,59.8672671316242,54.82018763352181,37.35452779692906,105.76733976415568,68.41281196722662,-0.002183425697443,0.0039883893656242,0.0061718150630673,0.1162013447708392,-0.9045760139465492,-1.0207773587173885,-4.06508182638167,2
S_00115,P_033,1.0.0,2.5,3.5,4.8,900,750,600,mouse,Windows,Edge,1440,768,1.5,1089,715,60,40.1280021862115,18.964239050510688,24.417258012806748,20,17.239454479136697,0,1,25-34,Female,25,21,4,0.8486695275063232,397.2765436860242,105.74627222558128,407.55185521561583,310.57701082861286,79.22126845352064,305.11040665975554,540.4166427288873,192.0402004811799,0.3553558223363624,0.2039221615787942,0.1209479253176874,0.3876364828515255,0.2096700220663316,0.8768445188343986,0.0720131643575461,0.6903884161347587,0.7901138274671415,0.1078890716159649,0.9477350497045888,1.4073335405764065,0.0091368148412869,0.0045920144301307,1.8601227082757756,1.2138086838984676,1.751524592025378,0.8680585085527497,3.1298815309261894,4.447657270770087,1.2875029888487854,24,19,5,0.7999214928920511,437.7909912235391,102.2608999517348,449.4327055764978,374.3636729473489,89.57182455105244,390.0992157678711,542.8711414152579,170.3652752586048,0.3138226777250763,0.2048858951509977,0.0934517439461701,0.4326780584366056,0.2048241547125006,0.901765786479169,0.0913960294094083,0.6223885309599501,0.9265148528051852,0.1195265419401621,0.9539256743221722,1.1880931684556335,0.0083487371811599,0.0055149564332693,3.030672649022461,1.2294946854886066,2.030621193958917,1.0221911153912588,3.3806791212268568,4.137015959970723,1.0377188364521903,22,18,4,0.8182235816624613,471.9191960431818,103.13524469132356,470.3759284347858,399.0181448722906,94.59294166598735,396.5140025799054,552.0736515298908,184.10938113738013,0.3334869915040891,0.2025739160285509,0.1193497095300707,0.4745047952040496,0.1729511762411661,0.7872482211031371,0.0844984521602469,0.6462512983804503,0.7770635243788351,0.1610548782858499,0.7951628687529685,1.301974011051639,0.0124728974144676,0.0035906085965918,3.1409634052837503,1.0906562607756571,1.9886820484376704,0.8313758985041396,3.4649176313710197,3.2898708058818777,0.8004175143171255,-0.0487480346142721,-0.0304459458438618,0.0183020887704102,40.51444753751491,74.6426523571576,34.12820481964269,63.78666211873599,88.44113404367772,24.65447192494173,-0.0007880776601269,0.0033360825731807,0.0041241602333076,-0.3106413107993635,-1.157786464888209,-0.8471451540888455,0.6278766878788065,1
S_00116,P_033,1.0.0,2.5,3.5,4.8,900,750,600,mouse,Linux,Chrome,1920,1440,1.0,1600,1169,60,58.85366033726461,16.967974603715934,21.21702759809519,0,14.847482036626008,0,0,65+,Male,22,18,4,0.7972846565629083,431.4968211043377,84.33598601080497,447.2870836860857,373.9603893430627,82.19179430987742,388.5620268578839,576.0611995925614,176.71472907601097,0.3067638112079036,0.1471806535948837,0.0943959525880033,0.4455727424356498,0.1781870384872953,0.904184720165032,0.0881056215594324,0.699435215600521,0.8268116925814686,0.1337133210453341,0.8412739474272436,1.3870606274387538,0.0110216593983318,0.0053693951806446,3.057829001434491,1.6871501293077142,1.8318277487582828,1.1392165015485938,3.13522560204635,4.076417472166525,0.9030486796056184,30,24,6,0.8051476278662044,456.7429786898995,112.33423978878037,483.6680253804497,384.1224899009451,102.85874380186615,387.0237478505302,547.7143342156369,162.41450098780092,0.296531404861604,0.1851746651168119,0.0873674398313816,0.4268925728667648,0.1640974140458022,0.8525340039510744,0.074065575549785,0.6304823901553958,0.8262177429884765,0.1349212115022373,0.8635808663114374,1.0543129528208677,0.0117171011807262,0.0072617089736668,3.0273445084978747,1.116881063832723,2.0401689571730306,0.6190073095390276,3.2990895875691706,3.5464201668184385,0.9891148099093586,24,18,6,0.735456478225191,513.2650023442965,114.87874090826313,527.1868797676636,408.0786116182328,96.81308640090928,398.3640654316313,591.6040172122184,192.70523430064915,0.325733478296383,0.2391520249904908,0.111956246979826,0.5112856275267111,0.1838496219996407,0.8002549783540946,0.0796458551360439,0.6750583556182147,0.8740412993001621,0.1712756711289413,0.8158032187657698,1.0509536642491737,0.0142178476306959,0.0053202531967564,3.632974130246244,1.3091703512851172,2.0610346983608405,1.0148453148114684,3.4016838564160694,3.316685990834275,1.4123036003536482,0.0078629713032961,-0.0618281783377172,-0.0696911496410134,25.24615758556177,81.76818123995878,56.522023654397,10.162100557882413,34.11822227517007,23.956121717287655,0.0006954417823943,0.003196188232364,0.0025007464499696,-0.5299973053480862,-0.7597314813322495,-0.2297341759841633,-1.770928920601048,1
S_00117,P_033,1.0.0,2.5,3.5,4.8,900,750,600,touch,iOS,Chrome,1440,900,1.5,1053,737,60,54.17397439634238,17.51027989856491,22.644054648806744,7,13.271199497567643,0,0,25-34,Male,27,22,5,0.8037313077062178,433.220106776293,106.5602810056814,405.3768582653637,382.7968365776811,92.52314865590152,382.1129415577311,610.8136832970196,137.37652648509788,0.2249074148823479,0.2056900352192061,0.1175558513129891,0.3735178345476003,0.184887775647283,0.8988134094244093,0.0794886968939299,0.6911447649447591,1.084985428592363,0.1318444415434774,0.8979400053094512,0.9904953193282844,0.0101355919648278,0.0075119265041233,3.047714854670202,1.394452064247415,2.142406713801612,1.529138620828295,3.13542202532171,4.329461129099736,1.2107633153000188,23,19,4,0.830199189567263,449.6706805561498,103.5264064589808,455.57598231500185,411.01079630770346,105.61836113967615,406.4650810434081,616.9593381406124,171.02046679779173,0.2771989274256095,0.1996908772433274,0.1324204790586131,0.4610371898400031,0.188381190219384,0.8186797990927845,0.0980357046964528,0.6034646295848541,1.024594004250376,0.144353244899949,0.9048981371776438,1.338554583622196,0.0111734256490605,0.0069721218013458,4.034776393642217,1.3713062265787497,2.552842461764599,1.2293922008874458,3.3660574487547485,3.4728351652581884,1.272835165837204,25,17,8,0.681408298618307,519.2777050150149,108.7765657519554,525.1506076697906,462.8406371712741,98.17418105383632,479.57786589499415,634.8960118781745,176.1678753485926,0.2774751645193766,0.2021887048346305,0.1502637313956671,0.4915584227086103,0.2015527701432433,0.7962038821106058,0.0722051274818437,0.5213171289356452,0.7386544610038912,0.135050320437507,0.8400018155138564,1.1206331248086936,0.0143273918306347,0.0067600670080198,3.746163037625186,1.4208802814164785,2.425289262662923,1.1275316852957749,3.519401219263026,2.0654560058718494,1.2877166938479323,0.0264678818610452,-0.1223230090879108,-0.148790890948956,16.450573779856825,86.05759823872194,69.60702445886511,28.21395973002234,80.043800593593,51.829840863570666,0.0010378336842326,0.0041917998658069,0.0031539661815742,-0.8566259638415472,-2.264005123227886,-1.407379159386339,-4.240115125301449,2
S_00118,P_034,1.0.0,2.5,3.5,4.8,900,750,600,mouse,Android,Chrome,1366,864,1.0,1168,805,60,58.72300688106438,14.842690436155358,22.4456328209713,0,14.223752806336512,0,0,18-24,Female,23,18,5,0.7949908888498901,470.7704599444683,93.53968517332136,477.26645303337295,406.93093174333467,100.68661139765756,402.1518086920936,621.6154142431305,161.061574107401,0.2591016413315733,0.1665291225915992,0.1498183013756474,0.4278964805883106,0.190051898748349,0.8213154544217931,0.0787707693184699,0.5627856548356129,0.7606692632251765,0.1276347137061973,0.878668510889093,1.4146269555423694,0.0125679337557323,0.0051541175429823,3.386607199680113,1.3776083753268549,2.158795659985578,1.111903170891477,3.2306828642129384,3.437383242002072,1.1890904482502265,26,20,6,0.7513161536731322,464.8300313471915,103.26921300893734,481.7885281985367,381.47726063458987,94.454560016944,364.0937980198228,581.4632156039494,186.32296410461544,0.320438093252532,0.1786856482127619,0.1442882534326752,0.4718524630070064,0.1822274470230692,0.8363123940522631,0.0894640879635077,0.5549226292466779,0.8447450764602671,0.1714684520343993,0.8264153787975723,1.046276248432006,0.012486204253683,0.0076309003742572,2.8928734897160613,1.4709690875953991,2.1647392520402637,1.1648556931548697,3.2353503087431656,3.1210876845782742,1.4449073143141793,29,20,9,0.6727607294898934,535.5113851902074,125.81346707929843,525.228556293115,418.010982682893,95.15765336221928,427.0304872026498,621.1411358628362,203.433448099228,0.3275156584447359,0.2204546842897906,0.1180705944149169,0.469307012558312,0.1919108074215584,0.8396052937700371,0.0784310011356936,0.5180491340077854,0.632072298590524,0.1766366350087009,0.7984773703358614,1.0140433881103676,0.0138483809827181,0.0059847768782351,3.8297575379106688,1.89213275719783,2.7794029113040786,1.0978453738574494,3.3842536768768072,2.357353590197123,1.3264965365893775,-0.0436747351767579,-0.1222301593599967,-0.0785554241832388,-5.940428597276821,64.7409252457391,70.68135384301593,-25.4536711087448,11.080050939558303,36.53372204830311,-8.172950204932139e-05,0.0012804472269857,0.001362176729035,-0.316295557423798,-1.0800296518049493,-0.7637340943811513,-5.363046153337139,2
S_00119,P_034,1.0.0,2.5,3.5,4.8,900,750,600,mouse,Windows,Firefox,2560,1080,2.0,1650,688,60,56.48098501016506,15.130230777385025,20.69362100029701,17,24.75230401336908,0,0,18-24,Male,26,22,4,0.8453097105792585,427.16023750304726,87.8717399275635,428.20269182484463,431.6436528731773,84.77084879693439,425.7003648781513,561.3014484488622,160.81621425086132,0.2865059669724202,0.2025406925453864,0.1239219904312268,0.4350232236427565,0.1596532456176632,0.8601932497929846,0.0954302769027884,0.6513565540464804,1.032217485345172,0.1444852325920262,0.8814386901912549,1.137249857240232,0.0105584727942704,0.0051734237097191,2.943922372520078,1.35798658844409,2.6365934211679187,1.20225419220422,3.070271902979304,3.242163232051887,1.1656073144677588,27,21,6,0.7687479931988758,496.18565539451777,100.99033824254546,485.43064887378375,378.03187781042016,108.98493043041918,391.3816791891047,603.9773407233571,177.57625283481013,0.2940114485456273,0.2150014675023508,0.1280566455537229,0.4714255048977966,0.2020291745387438,0.8578492047267724,0.1005188306625367,0.6350763426463313,1.0907172513465275,0.1467381345295755,0.9310274069920748,1.345335357927997,0.0116640614201745,0.0068251683380361,3.4920226795630582,1.322347210450738,2.425824047227416,1.2696627194138237,3.316494028700616,2.355581444444601,1.4483306502724504,29,21,8,0.7090387403930976,494.8540454985704,101.64645947134044,499.900734033575,427.4220816381937,98.45539775817284,435.6075968763286,627.5377080249086,228.514464369891,0.3641445947353663,0.2583294574699869,0.1553306473682173,0.4770350664028497,0.1949719909841375,0.8124116225749168,0.0798437629001352,0.5561987617800404,0.9087449967800096,0.1830845387751281,0.8193253005004383,0.9900517233836292,0.0136844803924861,0.0052026030491504,3.648834892493299,1.379867458985543,2.466753965516816,1.1449323720250857,3.546535185862576,2.9838438435009627,1.0163605837039054,-0.0765617173803827,-0.1362709701861609,-0.0597092528057782,69.02541789147051,67.69380799552312,-1.3316098959473948,-53.61177506275715,-4.221571234983571,49.390203827773576,0.001105588625904,0.0031260075982156,0.0020204189723115,-0.8865817876072861,-0.2583193885509245,0.6282623990563616,-4.239421143622211,2
S_00120,P_034,1.0.0,2.5,3.5,4.8,900,750,600,mouse,Windows,Safari,2560,1080,1.25,1891,950,60,59.39075955961912,19.33681549497468,28.94333698926737,17,27.982308404367146,0,1,65+,Female,25,21,4,0.8320446300683001,508.29968266917217,90.07201894646953,510.7495768964035,356.64394266854856,90.59004666221516,366.4360409900696,556.2325714024669,217.01098250846067,0.390144327509078,0.2406687344247255,0.1087528254585084,0.4717557014330242,0.2135203979337058,0.8469293939771266,0.090553964127846,0.6436320056006657,0.7320386408572425,0.116915189110798,0.874351889328264,1.239262268525529,0.0106913335461262,0.0060827126697722,3.178050466869754,1.5526479525218648,2.215598673528965,1.4561094875710376,3.095626917850616,3.703622114544871,1.178419007078307,23,17,6,0.7412627525126313,544.810272427407,91.24598887165246,519.0780688322033,422.26876581534896,102.43610713098371,406.2544669782455,617.872592812115,174.20592882749486,0.2819447420942136,0.2363144553940335,0.1748912556452133,0.4464648010202174,0.2399103464164005,0.8374013854305897,0.0844386103770579,0.5551684259995031,0.7783739770705101,0.1104362095711111,0.8032240062032796,1.113784919624938,0.0113425571455834,0.0076249340045304,3.366455651622481,1.2482588530023246,2.320944224292463,1.2025848161070771,3.330983181570049,3.03069240320503,1.2504113425499743,31,22,9,0.7057901102523995,500.9387229988428,110.66285054820244,492.2486489425294,460.61176163110247,104.37699581778126,452.4904880936708,586.3559980868408,187.3215145714909,0.3194672096519563,0.2438875650229079,0.1674930989142637,0.5025811011811882,0.1920344599992056,0.8277700957353514,0.0859015037442251,0.6705695570942156,0.8592155822597262,0.145707201607495,0.7796457807977635,1.092283141672211,0.0133825976547281,0.0094790628877844,3.909412793860336,1.4682676766595268,2.52598062467195,1.016029444494882,3.637833753357655,2.197489063629266,1.060133650525353,-0.0907818775556688,-0.1262545198159006,-0.0354726422602318,36.5105897582348,-7.360959670329407,-43.87154942856421,65.6248231468004,103.9678189625539,38.34299581575351,0.0006512235994572,0.0026912641086019,0.0020400405091447,-0.6729297113398411,-1.5061330509156052,-0.8332033395757641,-5.85842200055614,2
S_00121,P_034,1.0.0,2.5,3.5,4.8,900,750,600,touch,Windows,Chrome,1440,1080,1.0,881,885,60,60.0,18.171926407445557,23.57522961821776,0,23.549305163516447,0,0,65+,Male,31,24,7,0.7874637290127369,464.28415220329055,83.66961971062909,469.8439010105465,419.8737263917397,97.6462414449588,420.91678963606535,572.3078381079841,160.71009188583415,0.2808105728852713,0.238756769305321,0.1788672472232734,0.4599687031071698,0.2493257138142252,0.8401283569298001,0.0762452061458081,0.5944708239233127,0.8181319921143139,0.1837533281170546,0.8427588756166061,1.0638105036960028,0.0104035114199333,0.008015621966693,3.611840597578451,1.2780243336592312,1.6750646925017367,0.905621269255608,3.458186575624932,3.877716269210394,1.2411591845312109,25,21,4,0.8269208839262171,495.6375012299535,104.61542446224432,504.3682014616346,414.7099277095368,86.11419903079717,432.5945642237455,527.4869323207819,201.39905292353816,0.3818086109497418,0.1930399511812417,0.1765112430671184,0.4511126574500085,0.232258995228646,0.8224309175031975,0.0730941308372929,0.664140956531292,1.0823648318472792,0.1313909770876551,0.8092243558732017,1.0233549653890548,0.0127704096676129,0.0069834290020906,3.312366674608665,1.0113416918517828,2.243536132797877,1.2720437309082733,3.2886650686106127,3.1620292899714824,1.0917234964428504,25,17,8,0.6924695546659431,564.559693943535,103.8377804920808,553.7473474932565,450.04309787731,108.16328414216936,458.8313732494854,608.2677849208112,201.44819511716716,0.3311834032824756,0.238454656347309,0.1441406391737263,0.5113471646696828,0.2409661295653937,0.8024958049477545,0.0696335719913092,0.6171029656699527,0.8426384886736096,0.2061505043517324,0.8944047262103949,1.16861461865366,0.0156740538851062,0.0062816447069018,3.7819962288207134,1.510316933800744,2.9976999891388365,1.3103811439747128,3.4952484447869243,3.653831874646505,1.1765869172184016,0.0394571549134802,-0.0949941743467938,-0.134451329260274,31.353349026662958,100.27554174024442,68.92219271358147,-5.16379868220281,30.16937148557037,35.333170167773176,0.0023668982476795,0.0052705424651729,0.0029036442174933,-0.7156869792389116,-0.2238843945638891,0.4918025846750224,-5.859857046143501,2
S_00122,P_034,1.0.0,2.5,3.5,4.8,900,750,600,mouse,Linux,Firefox,1536,1080,2.0,1330,795,60,52.28738060037831,15.385808278101411,22.79926071809168,13,18.7157204947774,0,0,35-44,Female,26,22,4,0.8362462215325568,476.0692029956898,102.231806731832,488.29964488143736,388.45913797445377,90.014394926376,372.5449184132988,610.204732150974,163.6828732682602,0.2682425498263139,0.2101708655820315,0.1592939211621856,0.4514937735912879,0.2059031826201086,0.8515697623561151,0.0960650343801683,0.6154614404906981,0.7870177796367969,0.1332919659730777,0.749087221776286,0.8648867327509451,0.01225902265981,0.0080318325007598,2.898788062659313,1.4977092260593918,2.64317580710137,0.8149891791616362,3.159412834979568,4.105498851865569,1.3651270855895117,22,17,5,0.7737909283981687,498.240953314654,113.6861843024691,508.5921798136656,434.6401309895323,96.42424094087802,434.6022383166702,584.9238382217496,186.88051966927335,0.3194954752355731,0.2109550864189674,0.1541246496317339,0.4918814717062258,0.171980814241371,0.8393911466188574,0.090392849265182,0.5808422889179792,0.9225896895614816,0.1628763025706537,0.8800069324749926,1.186012604144181,0.0151827898516859,0.00733849750398,3.893954390123568,1.523840411794121,2.960005540679209,1.326618407637764,3.2535581779535234,2.9448818163051924,1.2748728107866805,23,15,8,0.673837701293443,523.4295681372034,99.33130910734268,546.6685095046341,504.10890710000206,103.6725810923434,481.26738350214833,651.6890553490804,205.88722296804897,0.315928618530757,0.2290550842487563,0.144404835634975,0.567988428455955,0.2354641926037888,0.7922175864687705,0.0806690452026768,0.4838959018437261,0.6315848806366309,0.198274556270708,0.8716631419103429,1.2510470671554808,0.0148165251190606,0.0087642833828336,3.627471603974909,1.4534792427546137,2.9726762429501905,1.0097758114906257,3.388612866791304,2.4275171289894777,1.494844961324118,-0.0624552931343881,-0.1624085202391137,-0.0999532271047256,22.171750318964143,47.360365141513626,25.18861482254948,46.18099301507851,115.64976912554827,69.46877611046978,0.0029237671918759,0.0025575024592506,-0.0003662647326252,-1.1606170355603769,-1.6779817228760914,-0.5173646873157147,-7.461914836599735,3
S_00123,P_035,1.0.0,2.5,3.5,4.8,900,750,600,mouse,Windows,Chrome,2560,900,1.25,2277,540,60,52.24889124281605,17.886465646007846,22.67052681763674,18,18.662471624315412,1,0,65+,Female,23,21,2,0.9174234776014814,363.6178676911576,76.2383559992197,379.101906960965,326.0481494223696,85.43621709133114,333.0532937250195,509.0437296495089,114.81101839006249,0.2255425451740917,0.1529483293064559,0.1304491962495385,0.3890837591236264,0.1505235761739839,0.8862034622112871,0.0432729988179715,0.7009841058901748,1.077853070591685,0.0954543935593826,0.9819496501733778,0.9821778221179164,0.0062643882000618,0.0065453716234651,2.3956433436703795,0.8115766826851865,1.288489504960716,0.897463898130048,3.020580840176487,3.95301046460736,0.9794168086138896,30,26,4,0.8708494009722123,420.1157796851707,96.5551235329908,443.4191386118681,353.1475482154801,83.69496864508993,354.1941964414464,504.35376506607344,152.4231139638677,0.3022146844564536,0.1183038642616488,0.1303430293087207,0.4221126027588672,0.1374206531465771,0.8848029597138941,0.0690801763786389,0.7006255885898843,0.8584158364112005,0.1298450583503525,0.9284801055073296,1.1139549025937396,0.0116082621056397,0.0051764410350986,2.329731155408872,1.209557313028406,1.457385212178829,0.8096677322004275,3.3658572904584254,3.7549786629748017,1.0364632237450369,28,23,5,0.8219353218806695,451.7859298631696,101.06961130445389,475.890309591488,378.62160211546495,84.62444707560869,379.0639689511893,463.5313335521273,155.61735264735182,0.3357213232055467,0.2270403455227646,0.1144875124174384,0.4261984223702245,0.1489315824435828,0.8208552483022973,0.0755547819995389,0.6633925889311536,1.0989902509292269,0.1318111744971002,0.947578189970581,1.0893026697622752,0.011009596051965,0.0055323138499333,2.56761142692048,0.9739387822582264,2.001734110117279,1.2062630230420026,3.505745405546174,4.202926023052718,1.096538723357622,-0.046574076629269,-0.0954881557208118,-0.0489140790915427,56.49791199401312,88.16806217201201,31.67015017799889,27.099398793110534,52.57345269309536,25.474053899984824,0.0053438739055778,0.0047452078519031,-0.0005986660536747,-0.1980318016325579,0.249915558445358,0.447947360077916,4.3145614610480365,0
S_00124,P_035,1.0.0,2.5,3.5,4.8,900,750,600,mouse,Windows,Chrome,1440,1440,1.0,940,1024,60,57.73138618281988,17.570112382223783,26.200232114351376,31,17.720011138111765,0,0,25-34,Female,22,19,3,0.8642085757578947,378.6405403489405,71.1387725321209,385.059314817582,320.87716970461537,72.05756679299789,319.8865212411716,477.9761063531448,134.3912589159805,0.2811673159592788,0.1647474561892128,0.0869755146090262,0.4531565205923425,0.1600690682085387,0.8831861500874731,0.0612859046754377,0.8283444445343117,1.0292462465680972,0.0749833685185514,1.0984666689231894,1.386130585756477,0.0092059937341941,0.0060484982594136,2.088837979153697,1.5017679258885748,0.8390433689988037,0.7033498200092696,3.1616074993094068,5.559364673208184,1.2366402055789631,29,26,3,0.9007547716742568,370.9228355068048,81.70920441941198,383.3512360339116,325.4134127582741,95.84509472826814,328.3386182390243,495.7441759253391,170.30978531021458,0.3435436936648225,0.1381174075320467,0.1033115611005336,0.369611137490114,0.1563703462639844,0.8708836191080895,0.0647495148772628,0.7522445116347148,1.028790119921816,0.1098622328904711,1.0346546806336263,1.2543624995055942,0.0104482432710742,0.0049067332115999,2.02558713877512,0.863634684410912,1.4640468787387662,1.2410676864328158,3.310502934484612,4.007412700545137,1.1047626950813882,29,24,5,0.8132068157830133,408.43442026478806,105.57550886672078,417.29581661447753,397.7391100906401,83.70937319383005,401.25398671922585,581.4464641946145,177.6165968780832,0.3054736898677461,0.2414172858488389,0.0968758356903904,0.4348285749391219,0.2003616301161271,0.8195335686524284,0.05475182200576,0.6601900124389263,1.0077947351757253,0.098461621008512,1.009500210583587,1.438506214756921,0.014087449817318,0.0061584171592699,2.6926726586293896,1.2944130337821005,1.9441372992132309,0.7749258241381909,3.31230913344267,3.716675976902763,0.9609287538815636,0.0365461959163619,-0.0510017599748813,-0.0875479558912433,-7.717704842135788,29.793879915847526,37.511584757983314,4.5362430536587794,76.86194038602474,72.32569733236596,0.0012422495368801,0.0048814560831239,0.0036392065462437,-1.5519519726630469,-1.8426886963054208,-0.2907367236423739,5.022562736899497,0
S_00125,P_035,1.0.0,2.5,3.5,4.8,900,750,600,unknown,Windows,Chrome,1366,1440,1.0,1076,1058,60,57.7376872243992,17.951307070890536,21.222618442147382,44,11.491523698391166,1,0,18-24,Other,27,22,5,0.8283369427383238,359.0746574453836,73.16121571486765,351.22256611817784,338.5785013936296,58.13899278517182,342.1884808495637,515.0384928662938,152.3236295096684,0.2957519323690865,0.1631333176726103,0.0995054457873678,0.3618424108112438,0.1664642030439324,0.9008338897420894,0.0795552049642006,0.7876037181278047,1.0479070884273938,0.1287034868134386,0.9897286756217856,1.1231249901398257,0.0093961124563015,0.0054666455304763,2.336958789532918,0.815162925560835,2.007371814626865,1.0431403791457938,3.1568004663501315,4.335140502797683,1.1626129079779028,28,23,5,0.8161752323837218,460.950079185028,84.49702024167638,435.1425009659438,347.6224932224653,98.3681014792593,356.4409153043835,511.67257205348966,174.17522959386503,0.340403686081608,0.1914495220165295,0.1288205561948997,0.3969864755994372,0.1685014869787383,0.9007597922373484,0.0663501047436815,0.7514057749689517,0.9751065461956216,0.1229228016533941,0.991891917540301,1.2236494449225563,0.0094894921639905,0.0054851982281638,2.3370965837761206,1.3826003851762685,1.95311965508846,0.9590359961117648,3.2055280725920747,4.0141410217210245,1.297111551705127,28,22,6,0.7952441143901532,446.2396764239432,95.1120705490046,461.2727328926036,364.3140361437899,89.5500877902646,372.8279505729632,590.2835125656877,178.36709973921714,0.3021719156002483,0.1923319572596608,0.1089444803990861,0.4562493162023315,0.1599129254005905,0.8610316466209053,0.0606911920173054,0.7403439035188524,0.989269622746186,0.1342450724867075,0.89646239967875,1.062284880101738,0.0090205240484511,0.0045774893071373,2.941255471501913,0.8757975107564882,1.4315985323262592,0.7192268342455082,3.4262750023743527,3.689623675953485,0.9817059601766508,-0.012161710354602,-0.0330928283481706,-0.0209311179935686,101.87542173964437,87.1650189785596,-14.710402761084763,9.043991828835717,25.735534750160294,16.691542921324583,9.337970768901956e-05,-0.0003755884078503,-0.0004689681155394,-0.3209994810766581,-0.6455168268441973,-0.3245173457675392,3.4644993542895013,0
S_00126,P_036,1.0.0,2.5,3.5,4.8,900,750,600,pen,Windows,Safari,1920,1080,1.5,1559,873,60,58.49242578529877,18.681572939698466,25.302913230042947,13,28.775225260220797,0,0,65+,Male,23,22,1,0.9453385159934128,328.1468891439449,86.56550126734118,337.60240384515225,260.8167360653707,81.96196698927803,276.1594588627627,443.7916647414675,142.28498742324848,0.3206121221455052,0.1460955905177594,0.1092255435393987,0.3819405876186709,0.1632553729465632,0.905798680735886,0.0690711967803379,0.7356924118362036,1.1731489356505431,0.0642062259389582,1.0644615992104418,1.2166304633564242,0.0061305028127338,0.0046263045361981,1.4175100451298963,1.151424475782352,1.1745083651719084,0.6993494722692022,3.179962710503893,5.332924365002453,1.0282620506075908,22,19,3,0.8605573453039282,372.6423127130776,84.9556938958777,388.39803583405904,333.56195722060875,72.77601584463794,317.9160359343326,493.1745265070437,134.21427505180625,0.2721435675163351,0.1458047495937159,0.0813283101247503,0.3873113464697155,0.1481779844550729,0.8747039381093802,0.0521861697454356,0.808421077058602,1.0927695008063016,0.1063682735594234,1.0776636180506185,1.3348257459218629,0.0087017407781949,0.0071513816857504,2.3388401328351547,0.8648935339612602,1.1294265362526974,0.2198435386166074,3.480304122947705,4.8213410788540605,0.810357222723447,22,17,5,0.7806256662418026,364.6908811662252,93.88394410749676,366.03099217116295,361.11126578662186,88.79455407307458,349.51015980122406,520.3789359520356,180.02507251390227,0.3459499608387215,0.1391926154045454,0.0675706110053735,0.3961844947340167,0.1738488981133276,0.9024243108983708,0.0644864033837926,0.7093909071443,0.7247946818333636,0.137928797696786,0.9791990476597726,1.7729492480634956,0.0089566463614805,0.0067181512176268,2.496360237971284,0.7169223442889543,1.6020811969761453,0.946207523425014,3.4502121711225127,4.3473231537261805,1.01432499201722,-0.0847811706894845,-0.1647128497516101,-0.0799316790621256,44.4954235691327,36.54399202228029,-7.951431546852405,72.74522115523803,100.29452972125114,27.54930856601311,0.0025712379654611,0.0028261435487467,0.0002549055832855,-0.5115832861483929,-0.9856012112762728,-0.47401792512788,8.219555320857289,0
S_00127,P_036,1.0.0,2.5,3.5,4.8,900,750,600,touch,Windows,Chrome,1536,1080,1.25,925,746,60,45.61974564481088,16.946397470379715,19.056519258024853,22,18.20196165584946,0,0,55-64,Female,24,22,2,0.8988614402985204,334.9265816781368,68.795660828382,333.83506371931634,323.7910059283249,82.23744952484161,304.7567318349029,516.5757351349226,110.14103277808528,0.2132137173445011,0.1177858812453346,0.0582750300760804,0.3878356355969107,0.1405772259666284,0.908558100899204,0.0650534565020312,0.8213730878340915,0.8931345620733167,0.0692615923899297,1.0778964262441195,1.60770831666729,0.0074057900593845,0.0039302833757485,0.8460766853563486,1.1349237334381708,0.940192046248144,0.5788040791692421,2.942701216031183,4.381087796718092,0.7641093292515085,30,25,5,0.8403447910433269,371.9592858665255,81.24784890196095,338.6294015287576,289.39857636802265,82.06738009954366,287.3105164995312,444.02764496921856,154.25793219367057,0.3474061445078813,0.1750501797920515,0.0963686912937681,0.4284116098298181,0.1108851092807047,0.8774970392800282,0.0819699912936152,0.8178458700927465,1.132707275444701,0.1311031697730006,0.9136466402778184,1.3829882396862416,0.0102404414078902,0.0040632429159548,2.997055004647894,0.9836584092385264,0.6831408283127256,0.8845458619063371,3.2120209955015904,4.932521426493111,0.9904830673282812,22,18,4,0.8012693800178609,437.6778828844069,98.93504126914026,450.0966826996385,349.1465370846589,93.11087898315724,353.51769623793035,501.1931749718749,169.7800216559259,0.3387516632991926,0.1629423207831694,0.0497835548710721,0.4186517691551841,0.1146608626567077,0.8416809334731883,0.04950360723182,0.6488223310414888,0.9499849519358038,0.11839269834141,0.9887176599041736,1.1413323923605725,0.0093001125310033,0.0050983982413407,2.252525251368803,1.1089234286345122,1.876499144703062,0.7578474906679442,3.206162607111926,3.767947365944604,0.8936380701886827,-0.0585166492551935,-0.0975920602806595,-0.039075411025466,37.03270418838872,102.75130120627016,65.71859701788145,-34.39242956030228,25.355531156334,59.74796071663627,0.0028346513485057,0.0018943224716187,-0.0009403288768869,0.5514336297750182,-0.6131404307734885,-1.1645740605485069,7.872627488430321,0
S_00128,P_036,1.0.0,2.5,3.5,4.8,900,750,600,mouse,Android,Safari,1920,864,1.5,1631,685,60,54.98597073754112,19.186802110083025,27.811031240137297,0,22.834404836795503,0,0,65+,Male,28,25,3,0.8947215827498355,386.3632638332247,83.91701845816276,412.47140529356665,323.3083295725157,79.20621758025395,318.9467797349382,493.4009833309726,168.41673145152805,0.3413384592680359,0.16023226390069,0.101760958615092,0.4170450054368522,0.206157803877398,0.9263469309749576,0.0727135559708822,0.796414569866035,1.077139820993826,0.1016733577110692,1.195047011177433,1.432689005029968,0.0098626576829243,0.0049392925275795,1.3534369611406063,0.975366345338726,1.168541985013894,0.9752878842255523,3.213695033398786,4.428568491745724,1.180423607565478,29,27,2,0.9177541905358154,393.8330848185111,86.36563015655585,383.2796775792318,327.3822257441881,84.56167219999978,329.4903605360445,446.1212724123597,159.88907462678816,0.3583982305129785,0.161135146273538,0.0964519461252366,0.4115195271807041,0.1867536520853352,0.8670701140806363,0.0672859125515078,0.7065339075595984,0.8569122370237194,0.1014116105326072,0.9997335331749228,1.4376142817065485,0.0098109675877375,0.0040082924711968,2.703268758762957,1.201912355351435,1.242219039957157,1.1045945989259327,3.369040761889442,4.371518537998677,1.0134844272139174,27,22,5,0.8119994007041577,434.33593457884336,96.35001888785072,439.3973253629264,327.11519097937844,95.93865608729652,331.59905432001926,557.2856048515904,181.60236798833787,0.3258694759156753,0.1876011998852839,0.1217627532271494,0.4313512286663026,0.1645758463531644,0.848483302156333,0.0874870518251993,0.6681247059228062,0.8794037614277195,0.1049562865040028,1.0233562283847015,1.286033877431051,0.0102652455679707,0.0045482128381229,2.538693395621052,0.7628779771241982,1.0856011553093905,0.9513132280205748,3.166966344069444,4.233226118414596,1.1935515829722927,0.0230326077859799,-0.0827221820456778,-0.1057547898316577,7.469820985286447,47.9726707456187,40.50284976033225,4.073896171672402,3.806861406862765,-0.2670347648096367,-5.169009518679255e-05,0.0004025878850464,0.0004542779802332,-0.0570499537470468,-0.1953423733311279,-0.1382924195840811,5.485588467758658,0
S_00129,P_037,1.0.0,2.5,3.5,4.8,900,750,600,mouse,Android,Chrome,1920,900,2.0,1316,694,60,43.17559095284439,20.47592638682148,28.08083130464273,18,16.708060628772937,1,0,35-44,Female,30,26,4,0.8575854629950496,432.79691944546926,89.04904531058146,427.7258435445602,317.78899286977673,88.56058300909483,314.34143074078594,507.2168602562973,162.24949126050743,0.3198818966280469,0.1654878724867576,0.1039434343418255,0.4043064028898168,0.166497420853129,0.9299383645916214,0.0870094494981834,0.6684506161234347,1.1628061363947355,0.1071243521907688,0.9731544536250246,1.4577670328647223,0.006623165626103,0.0055520483740337,2.22301841429546,1.1988308601037774,1.805552015467009,0.9529092600797424,3.181452905273152,4.739077942727657,1.1135840226963187,26,22,4,0.829561421317038,435.0412180449886,108.57785418998928,432.45110839022703,361.21936984454976,74.04060105890954,378.4266183329692,517.107804720946,167.21046065530908,0.3233570623548085,0.1805597974370378,0.1228043639604112,0.4125077275037408,0.1574916990167864,0.8745806500779056,0.0915846871785276,0.6315156824346924,0.9107615860796298,0.0896813912564186,0.8378749087516235,1.0995600345550476,0.0124805140905152,0.0050103681912692,2.365911764776107,1.1650323005738406,1.8856621938323317,0.8113348385952789,3.617933235089486,3.9134047817148714,1.085398880508925,31,24,7,0.7841178178800151,495.0183922510881,115.40005178538412,506.4523773800463,422.2242434698881,101.91004032420616,410.5298041563672,563.0379365044897,182.43050171538857,0.3240110299635801,0.2349865195435224,0.1348753345406207,0.5011345857548467,0.1797524355285048,0.8273894808180623,0.0532922064098054,0.5653110354222531,0.7680008428002459,0.1221603057945707,0.957081717482852,1.110578573246009,0.011666191949424,0.0053270477278362,3.5022491880421054,1.0361670943910215,2.2562607459017725,1.0075023586507563,3.619493272817092,3.811857230546019,1.0633451162157814,-0.0280240416780115,-0.0734676451150344,-0.0454436034370229,2.244298599519368,62.221472805618816,59.97717420609945,43.43037697477303,104.43525060011136,61.00487362533835,0.0058573484644122,0.0050430263233209,-0.0008143221410912,-0.8256731610127863,-0.9272207121816374,-0.101547551168851,1.1273644200700736,1
S_00130,P_037,1.0.0,2.5,3.5,4.8,900,750,600,touch,Android,Chrome,1440,900,1.25,1242,589,60,51.31222427389595,17.46723883662998,20.705746793193605,37,18.95063296754992,1,0,45-54,Male,25,20,5,0.8042717673069064,443.1795253358139,89.02792936466615,445.8771146393351,406.4752605379751,77.19905387405534,402.31750733435234,595.2042986111203,165.32250980861653,0.2777575870913372,0.1855631119912821,0.1492450514351451,0.4119941871262014,0.1903065911173587,0.8430624854180854,0.0666792011578239,0.6493590998957266,0.7477516923036887,0.13052701144955,0.9742499651259824,1.6023882761279258,0.0112163360975281,0.0075572369177822,3.1361998201073225,1.2309814943863222,1.4915776367240667,1.406001628287424,3.042634671607832,4.290778985984178,1.2612243072603382,22,16,6,0.7476762160871963,484.0812241938741,118.44349934834936,461.0464354809175,394.9566877386112,89.60832262097591,393.7541912908183,565.1080737763892,198.066377071741,0.3504929167763315,0.2289324153026361,0.0969155896855649,0.4732811010949841,0.187178602498786,0.8406015301463613,0.0878696410006733,0.6868947633992964,1.054229919024819,0.1277655669023875,0.862095053681056,1.1448168447524742,0.0097532732182534,0.0064286505782055,3.954516531088308,0.9651955384113846,2.241792004805315,1.0694755337890651,3.3631603207646483,3.1098554319000837,0.9669365742510074,29,22,7,0.7594846123945614,484.5141157893538,105.58371332484133,452.9446268101592,419.2258357257711,106.24336547006078,406.460095606265,639.2512608346069,176.49667093144484,0.2760990579838836,0.2244735836201701,0.136807701241173,0.5419913671537656,0.1755302085433094,0.7971871077435785,0.0895759550720767,0.6169412245028852,0.9485717050192136,0.1422333044194374,0.7879545218339246,1.17027970180422,0.0158095091405557,0.0062995370036882,3.535694000031141,1.102418529733452,3.053978592471008,1.1115557522993424,3.645663216933512,2.965273189811619,1.1934932226575123,-0.0565955512197101,-0.0447871549123449,0.0118083963073651,40.90169885806017,41.33459045353993,0.4328915954797594,-11.518572799363938,12.75057518779596,24.269147987159897,-0.0014630628792747,0.0045931730430276,0.0060562359223023,-1.180923554084095,-1.3255057961725591,-0.1445822420884641,-3.1081974980040536,2
S_00131,P_037,1.0.0,2.5,3.5,4.8,900,750,600,mouse,Windows,Edge,1536,900,1.5,1437,778,60,56.03214061493309,14.913871644412753,24.100777647817704,1,28.54086262504862,0,0,25-34,Male,27,22,5,0.8012744376140443,458.8770637481247,94.75513222476036,438.2968061526285,387.80880058501566,88.14077720364487,371.25549450923126,588.1754129004107,185.3648200228265,0.315152275932031,0.1169146535786434,0.138584026122126,0.4459245030068147,0.189083228525648,0.8775248522684169,0.0874958155287241,0.6947683964369278,0.9126129795063288,0.1597441062108876,0.9556236253873088,1.3870026139645348,0.011718607211296,0.0076463059878614,3.3509923910317188,1.2752505253643205,2.341605454430934,1.1081641500635924,3.487539018725049,4.221451141137759,1.0795123042709296,26,22,4,0.8568120890384645,420.7904849223277,105.98908472903123,431.234194864007,440.64971649001546,96.93464596530542,450.1752620710609,559.1239190907091,168.6263983255345,0.3015903855441704,0.2065552008396351,0.1232075412895677,0.4350263111536839,0.1951817698390102,0.849153742857098,0.0749271828909192,0.5479645874183688,0.8352793616763174,0.1524189046297484,0.9222127053004971,1.3548888625396165,0.0145371245243412,0.0074860925672991,4.254248554823754,1.9179343754401668,1.6970815638905312,0.6339259758080145,3.318891305322993,3.653727757729434,1.1619709507043252,22,16,6,0.7213835060930053,488.7927117367204,104.74711992487056,491.7952372726834,448.57635749775807,99.21827186961649,452.0439819327585,621.2088235599468,192.7534242423405,0.3102876471356813,0.2596049514239445,0.1113903689626565,0.448070074520751,0.1958730742877246,0.8166150288342593,0.0762406518628447,0.6570577956369401,1.1380502128093672,0.1456234093505435,0.9342085790543944,0.9415284048545028,0.0154322177608128,0.0056312619092394,3.900746349046379,1.1055497388822448,2.449966079795906,0.9113305827468156,3.451917895332688,3.625719817396977,1.1571630325661728,0.0555376514244202,-0.0798909315210389,-0.1354285829454592,-38.08657882579695,29.91564798859571,68.00222681439266,52.84091590499981,60.76755691274241,7.926641007742603,0.0028185173130451,0.0037136105495167,0.0008950932364715,-0.5677233834083255,-0.5957313237407824,-0.0280079403324569,-2.846519651390465,2
S_00132,P_038,1.0.0,2.5,3.5,4.8,900,750,600,mouse,Windows,Firefox,1536,864,2.0,1184,684,60,52.31945007337321,17.93049757207215,18.194747081014636,43,14.439222071658628,0,0,65+,Male,24,19,5,0.8071123140406979,410.5167869480652,96.78716253341352,404.9290169950117,368.5743563328128,90.68207228821429,367.3492240959166,553.0387358655323,144.67718143751463,0.2616040650590014,0.2016674717400061,0.1467836480096668,0.4421317854561761,0.1982759384394513,0.8684241815223727,0.0920391363724411,0.6782558707205072,0.790502916825954,0.1426559445172865,0.8043516555763489,1.1967686172196064,0.0100488278668916,0.0058644553212763,2.8876022496572307,1.120658576032615,2.1099523397288844,1.058246487171561,3.1074059072881703,4.42613615374502,1.1776045521920853,25,21,4,0.8315177907173835,497.75932765372346,103.7640943406602,502.2992006688705,366.4720724434039,95.15417417168652,353.33706065359524,572.0300722278184,125.01995531819756,0.2185548651861903,0.2247786752259614,0.1448816045151362,0.4414665770274533,0.2060188549246918,0.8591818761584354,0.0762707427869903,0.7085585701323986,0.806461339359665,0.1371067279988427,0.877751731007847,1.1039360081795295,0.0122808529434355,0.0076229499705541,3.557903498431304,1.407249057144597,1.6275137834264464,0.7796967004717366,3.344925367963816,3.5857910398495694,1.0721751865224132,26,21,5,0.7887798247561959,498.20136808814266,111.66511263933724,483.382959873916,424.8653171875973,122.42914591114751,436.1497848168258,571.2165479027591,178.94633029047844,0.313272314934653,0.2632305978579781,0.1422933389039943,0.4587786854576849,0.1689740939205257,0.84152037788262,0.0867426878631992,0.6745144127523314,0.9172964906585446,0.1648823278682933,0.8687578287689732,1.1251411286128628,0.0132489459037486,0.0051282777266827,3.5844494791776462,1.4147659634655858,2.6793388955221307,1.1801961392813616,3.464768479524546,3.6489630300057536,1.280733433806592,0.0244054766766855,-0.018332489284502,-0.0427379659611876,87.24254070565831,87.68458114007751,0.4420404344191979,-2.102283889408966,56.29096085478449,58.39324474419345,0.0022320250765439,0.0032001180368569,0.000968092960313,-0.8403451138954505,-0.7771731237392663,0.0631719901561842,-2.263106237146832,1
S_00133,P_038,1.0.0,2.5,3.5,4.8,900,750,600,touch,Windows,Chrome,1920,1080,1.0,1509,707,60,58.87282591748739,14.4860536552424,16.588118717257167,2,17.55139946888066,0,0,65+,Male,28,25,3,0.8888538445483518,460.9924526032509,89.35715484455264,451.2915869430449,382.3719540360808,87.02315718213403,392.71116749023855,528.4032937046424,164.72843335411636,0.3117475521380708,0.2108725248897565,0.1400809096391223,0.4944880803497849,0.2033471595078944,0.8736953014447997,0.0818678953607567,0.6086852587838043,0.790298045761427,0.1158636247757264,0.7214345325899484,0.9201397652038228,0.0133893544451454,0.0068616201145072,2.7945043889457377,1.3782999447376545,1.4604885930553138,1.1303725285247226,3.3916238394721225,3.7923214184533607,0.9081545562949528,25,21,4,0.8248423320238716,480.0469355153368,89.58371825713398,444.5324978275788,378.1097252447687,93.0007625594803,390.5583572525952,532.3909245554366,172.61303178719643,0.3242223408134423,0.225513600243369,0.155671026935357,0.4461357509009562,0.1696575269472665,0.8507821892867485,0.0900098348047744,0.6425772246538123,0.9256660022026202,0.1396090691040913,0.8775685696640865,1.2003209003705508,0.0137914053936521,0.0087214794022541,3.256975191766653,1.297289530715378,2.3032683604811464,0.9423686250355794,3.4347467556657234,3.629123743113039,1.1108824540258344,23,17,6,0.7561264767456524,506.85593830152976,101.36974590768752,501.5818716201854,436.6257456376579,110.827504381271,426.6471822367597,597.628073505406,188.71399447702083,0.3157716359777295,0.2374254720476035,0.1371265756243381,0.4968334273948815,0.1958886421936873,0.8065941640841171,0.0948983692157147,0.5558433131714761,1.1033717274300547,0.1735218056340402,0.750774031623274,1.1285584312637362,0.0149850650801447,0.0061436507960285,2.915056312053093,1.0907911919898712,2.635137834077792,0.7230296907185635,3.2665983142230965,3.1706041613615183,1.1405706027052134,-0.0640115125244802,-0.1327273678026994,-0.0687158552782192,19.05448291208592,45.86348569827885,26.80900278619293,-4.262228791312111,54.25379160157706,58.516020392889175,0.0004020509485067,0.0015957106349992,0.0011936596864925,-0.1631976753403217,-0.6217172570918423,-0.4585195817515206,-3.1161607036474477,2
S_00134,P_039,1.0.0,2.5,3.5,4.8,900,750,600,mouse,Windows,Safari,1536,1440,1.25,949,1207,60,52.32123907708065,16.686744929091567,20.57278500018856,25,8.563369451656428,0,0,25-34,Female,25,21,4,0.823464309517442,474.2077779094613,105.38787257399125,473.4778437335952,403.57124645393736,102.95622439866315,414.3479409916236,568.2240503080172,192.06811382757215,0.3380147561924874,0.214624738739154,0.1315822253430618,0.4067417771396498,0.1535563462065632,0.8930786962195587,0.0925667607377268,0.594943202843937,0.8868780295395179,0.1200098022843704,0.8319994853300741,1.0408584263811294,0.0097764181281969,0.0048431793066839,2.624652019873777,1.5938904032918666,1.9780175378979268,1.2492030602388569,3.3434971084767824,3.614642217407474,1.1974395560301203,29,22,7,0.764311762055121,490.4743459882095,115.11291662167176,462.3263378760421,452.6636279709034,81.37280814198644,457.9079490772248,591.5537824834341,193.16833319416625,0.326543991288866,0.1918986368216152,0.1040944118430581,0.5151302625896367,0.1877808986782418,0.7978069456552791,0.0784452344479891,0.6136705919638609,0.7649648695882413,0.1557957978941184,0.7566726593555574,0.8450426402479543,0.0152328987498757,0.0073463541638108,3.370214632270064,1.2853605061680526,2.893552236983507,1.260530646984026,3.492021954745364,3.044546890463644,1.2498246189052178,22,15,7,0.6864190011598759,531.3015524262214,109.01275980615272,525.3156644636881,425.93950808647264,111.36107417415144,422.2109496655577,617.0924141283374,209.36522097260936,0.3392769319135844,0.2437461183009966,0.1255606702238917,0.5168383547445352,0.2107035651535249,0.7846096676481632,0.0835511196027881,0.5439981856102274,0.7277575072725453,0.1978656672480828,0.8063368747414073,1.1585269097734896,0.0133372410445102,0.0076871536995585,3.587073016787545,1.2590833882881665,2.931866525183912,1.2196891820766604,3.1084828586296664,2.701619560267356,1.261052580960424,-0.059152547462321,-0.1370453083575661,-0.0778927608952451,16.266568078748207,57.09377451676011,40.8272064380119,49.09238151696604,22.36826163253528,-26.724119884430763,0.0054564806216787,0.0035608229163132,-0.0018956577053655,-0.57009532694383,-0.9130226571401184,-0.3429273301962885,-5.92066234544275,2
S_00135,P_039,1.0.0,2.5,3.5,4.8,900,750,600,mouse,macOS,Safari,1920,864,1.5,1823,592,60,50.12265880814864,10.73008754295822,14.199449341239696,24,8.863434184803678,1,0,45-54,Female,25,20,5,0.8181734738516347,481.7784593173531,97.98356132582558,486.9694298882591,419.26552916327705,89.58334107805885,404.4904946110049,528.8188899117016,195.14746313713465,0.3690251366960793,0.2167222093008642,0.1188169066316904,0.4716445692220303,0.185181547126385,0.8533871534478535,0.0842275311749127,0.6206039714224236,0.9835756666796076,0.1485578381356643,0.7802863971125116,0.9700719308637458,0.012224923924671,0.0072525673815323,2.966788186490732,1.700139147523713,2.4987386084991434,1.0112917651185205,3.091661702627601,3.54359764479667,1.1866288765343556,31,25,6,0.7997015841482338,523.175889603064,105.37435865437642,513.0073061897258,438.3816159855349,98.7411278632245,433.55019183310577,610.2655771250564,192.9547896742812,0.3161816705823154,0.20970533106958,0.1246334099458093,0.4657173703348797,0.1840543195117928,0.799256580908191,0.0958533221558557,0.6145699859725277,0.7038459968174221,0.1453692708581798,0.8161619673286631,1.1934536316051538,0.0113958768363015,0.0055553860186421,3.684455976659135,1.0750836484735813,2.364891079401866,1.071191601043834,3.3015073522659826,3.351783437008555,1.4761926308671904,22,16,6,0.730914306818263,468.55886762490735,124.44349173690384,499.2019077329647,499.35000421933967,103.356899401275,483.86540749006326,660.2144735512068,195.49336744998183,0.296105849358995,0.2426864232753438,0.121444425830085,0.5225963151787899,0.1897182430083612,0.7795389217998895,0.0944665626659268,0.5113907575587902,0.7219128825485498,0.1687297223901744,0.7430919102880583,1.019359608150068,0.0169612353109822,0.0067051450543513,3.6607153943321262,1.346851023313561,2.817026623867985,0.9296343016607068,3.5480823100687577,2.860869336117041,0.968108730584362,-0.0184718897034009,-0.0872591670333717,-0.0687872773299708,41.39743028571087,-13.21959169244576,-54.61702197815663,19.116086822257785,80.08447505606262,60.96838823380483,-0.0008290470883694,0.0047363113863111,0.0055653584746806,-0.1918142077881151,-0.682728308679629,-0.4909141008915139,-6.336399931101005,3
S_00136,P_039,1.0.0,2.5,3.5,4.8,900,750,600,mouse,Android,Chrome,2560,1440,2.0,2037,1330,60,56.14025748512621,19.42856590740451,24.02320470014733,0,27.7308415698529,1,0,25-34,Male,25,20,5,0.7919663660689122,457.1408576262898,96.86940024437143,441.2159100300734,371.4353847881054,76.56144045790805,399.66841246348434,639.174554444262,173.54260500064828,0.2715105033421379,0.1940133545668173,0.1330911415030573,0.3920965241465888,0.17162090647752,0.9035890831146534,0.0903426460069126,0.6317467319314792,0.7345288925614906,0.1172044641178896,0.8903281232104935,1.5477000285874989,0.0104694335657291,0.005186365530706,2.839701174943301,1.32805115664341,1.603794684143313,1.1368207041163805,3.381337392840736,3.961209630228697,1.0368278244484057,25,19,6,0.777861570831035,425.0841394737964,98.6884912755702,420.4224401213477,379.9836274704477,109.5249397269334,370.4762735250339,500.04865887875695,151.05482134497237,0.30208024491792,0.189597043391095,0.1589820544319664,0.4797643439101328,0.2199925902079467,0.8449266662860836,0.0816642798687677,0.5775511405098448,0.8695132114998603,0.1355949829584405,0.8659812151823647,1.4586888413402903,0.0117623162253812,0.0077068987588867,2.467912255930289,1.812805909540394,2.055977518892914,1.1978244018806623,3.449940936791977,3.378599825459528,1.2792421107347156,25,18,7,0.7149333489267665,481.8225332857956,108.32162773626844,483.5549425010756,454.4788810847479,107.82868399827302,455.323963918305,616.8085942967209,163.3389635556354,0.2648130474606516,0.2215712999725366,0.1332747664631587,0.5110976576503354,0.1915137329898968,0.8410872605543817,0.0924385717286431,0.5745101436093089,0.8077064660948565,0.1640867800215524,0.8100037798161496,1.3896973065036384,0.0119287454282396,0.0066920237652634,3.7253208458293576,1.212494065075589,2.25231885762475,1.0411713379358576,3.605799776917776,2.885727881956181,0.9960494191894635,-0.0141047952378772,-0.0770330171421457,-0.0629282219042685,-32.05671815249343,24.6816756595058,56.73839381199923,8.548242682342277,83.0434962966425,74.49525361430022,0.001292882659652,0.0014593118625105,0.0001664292028584,-0.5826098047691692,-1.075481748272516,-0.4928719435033466,-2.749509502312011,2
S_00137,P_039,1.0.0,2.5,3.5,4.8,900,750,600,touch,Windows,Edge,1366,864,1.5,1149,572,60,60.0,15.971840876250356,23.382644777945103,36,18.25506767373873,0,0,18-24,Male,30,25,5,0.8289765360642501,431.60837204658185,99.06261789205284,398.7705808794905,396.5668231578521,66.9981372193156,364.7393229020088,482.11812426198594,164.96234614099225,0.3421616774800001,0.1734369646426324,0.1159366582293953,0.4500056914071984,0.1493162302528874,0.8620900376469187,0.0968417744418434,0.6148911820551838,0.6980569748621251,0.1279505983857448,0.8726325935521053,1.133348443001935,0.0092911509287095,0.0070560196026291,3.2138899195867805,1.094237657397299,1.7902414173403636,1.1078236520175926,3.05525425128685,3.870060926336026,1.400732232508857,28,22,6,0.7754270330361558,445.86969210059794,104.5051781930038,448.53451304339217,402.1544352151079,99.09726315457416,393.861986381768,572.0843268637148,179.14232057100548,0.3131397106316492,0.2553758804527573,0.1547477804070056,0.4844797843996744,0.1933608193464635,0.819780084638811,0.0966422140737697,0.6342679056204623,0.8150076239616864,0.1378738913571057,0.7986837182190313,1.3072830746669104,0.0132982256675686,0.0067184674829713,3.19867028555998,1.171233228838628,1.6093957175939355,0.7979398738844341,3.208603199072107,3.134990998687302,1.2239293469088577,26,19,7,0.7159685369059741,544.2330246646148,103.30516845773678,546.266081565839,432.8378323793823,112.23217080221922,431.56718739439617,608.3166630816836,171.6298785965259,0.2821390387813193,0.2207069164590744,0.1526557459028113,0.4218131329498038,0.2175965534774722,0.8170882391357952,0.0778931369307922,0.544450749464197,1.021965385445994,0.187364816558448,0.8169556438476568,1.1871444032655136,0.0129443980015205,0.006671618999269,3.2742230395823704,1.2916583994537605,3.0375163246509143,1.0614024439063623,3.326796717808956,2.477299015597409,1.1995929168211197,-0.0535495030280943,-0.113007999158276,-0.0594584961301817,14.261320054016096,112.624652618033,98.3633325640169,5.587612057255797,36.27100922153016,30.683397164274368,0.004007074738859,0.003653247072811,-0.000353827666048,-0.7350699276487243,-1.3927619107386169,-0.6576919830898924,-3.5369403360297924,2
S_00138,P_039,1.0.0,2.5,3.5,4.8,900,750,600,mouse,macOS,Firefox,2560,900,1.5,1854,554,60,49.69917564103498,16.423393565120055,27.578560451956665,20,21.028935040577164,0,0,35-44,Female,22,17,5,0.7910613754548504,476.9128879136982,109.24834565597124,456.7242191827161,393.8044706085562,87.16756823967575,404.6540760677988,599.7747717662774,161.2784497337788,0.2688983553923579,0.226793218249868,0.151207906948709,0.444235444841604,0.231571286363314,0.8203136717085423,0.1067423760407299,0.6347678928671199,0.6359519300680769,0.172131692802721,0.9165843748639554,1.2023526223519996,0.0105823291607667,0.005445638260476,4.276471967744262,1.2182646260305183,1.928275933556941,1.2057895755171957,2.9543159799858327,3.242297222376832,1.401451129771236,24,19,5,0.7728257382830637,495.2230512653817,106.2935034265954,501.86010921838175,425.4217690067688,93.02314897403828,432.384640841098,573.3615154016317,176.33266228688024,0.3075418519559369,0.2493193700577627,0.1556964479265498,0.450617302120849,0.1764062242354373,0.8224133170079545,0.1116999260260398,0.5374383394700176,0.7680914127055328,0.1540685083606419,0.8109245473853957,1.0921930662524724,0.0149620299669267,0.0074691636272578,3.888615632518136,1.5208169907961535,2.755536998699015,1.4690869172419785,3.5196565950182506,4.039520547690997,1.4348069428582446,28,20,8,0.7269187816926571,555.4431797334811,129.7094092850019,569.9505574836254,466.5207468220084,101.86907727637984,460.3702055728068,620.0191169547317,210.8126071275799,0.3400098502817157,0.2248343864078046,0.1561586297174066,0.5093699856281605,0.2033379577217268,0.8317634158675135,0.0863222160604661,0.5649368708934441,0.8269693547781547,0.1726548832911034,0.9330557728935508,1.292626836755613,0.0140184903093964,0.0088856077997616,3.755217996844521,1.0819053714210762,2.5110993902285634,0.9028882518385946,3.2140051800528324,2.60678391030358,1.241673355856151,-0.0182356371717867,-0.0641425937621933,-0.0459069565904065,18.310163351683457,78.53029181978286,60.22012846809941,31.61729839821265,72.7162762134522,41.09897781523955,0.0043797008061599,0.0034361611486297,-0.0009435396575302,0.7972233253141652,-0.6355133120732521,-1.4327366373874173,-7.038053701013484,3
S_00139,P_040,1.0.0,2.5,3.5,4.8,900,750,600,mouse,Linux,Chrome,1366,768,1.0,1044,678,60,60.0,18.045035072595848,20.25095817349591,25,26.82661484563197,0,1,18-24,Female,28,26,2,0.9159706113187146,388.3549291528686,83.5099726921565,401.3162487625413,307.42854502570043,72.93147328484173,309.66618594512187,535.5287408691642,175.1376223756105,0.327036831097733,0.1683602810107238,0.1034607806045338,0.341321442750591,0.1654856707824631,0.8925715970694669,0.0868479712995899,0.6953526968390298,0.9914908168386438,0.083600717114854,1.0439064136768497,1.4938166422235082,0.0096415034999592,0.0049935850324614,2.2424792834477625,0.8783610269561939,1.4007991321285025,1.0585827678965338,3.2498149217209984,4.6050028536036205,0.916284929874446,26,22,4,0.8328313494607595,363.64863565339806,91.3554624124246,370.235789571525,309.38122157569444,94.24075120347986,322.57642503025335,489.7337112034663,148.52131884558963,0.3032695431168399,0.1636745872909877,0.0833931155148346,0.4215993864665268,0.1633019751539996,0.9040448149024256,0.0644510702185135,0.8523090698260147,0.8737512155655414,0.0813828065094155,1.1372884160008427,1.5583946661178003,0.0098206295913702,0.005485550540711,2.40647557143533,1.0708085907654046,1.2173662692090044,1.021779466023519,3.419101731730735,4.930224048693217,1.2227774465441357,31,25,6,0.8181009703579021,389.36778856277977,108.9229357835478,404.6400375878239,373.9016693761358,89.58033045577774,379.0691735783533,556.2642659232567,177.88102248991558,0.3197779066298254,0.2044930868271547,0.084771778864594,0.4195487603744831,0.1456948050710474,0.8475903112386586,0.0693551300852566,0.7968731899887941,1.0157465682525453,0.0869735381772485,1.071228884273148,1.4886177903770514,0.010752034814956,0.0046170598665319,2.1272224009523963,1.3984646660959128,1.768691083294547,0.5105910563126659,3.5331610049927864,4.360433243046471,0.9816064852619856,-0.083139261857955,-0.0978696409608125,-0.0147303791028574,-24.70629349947052,1.0128594099111865,25.719152909381705,1.9526765499940095,66.4731243504354,64.52044780044139,0.0001791260914109,0.0011105313149967,0.0009314052235858,0.3252211950895969,-0.2445696105571491,-0.569790805646746,6.175181754719483,0
S_00140,P_040,1.0.0,2.5,3.5,4.8,900,750,600,touch,Windows,Chrome,1920,768,2.0,1720,463,60,46.60637792660685,17.482073571147104,22.13538717049711,25,14.377559463467133,0,0,35-44,Female,24,21,3,0.8760418264046663,423.6111299490737,97.06477714479416,441.94250976546994,336.70107444793007,88.31272751374235,314.1161176613413,561.1088643577826,141.68571647916443,0.2525102087655144,0.1927450897708403,0.1126688376466228,0.4343247223752372,0.1872616852209082,0.8674765517419809,0.081247795368513,0.7843003831405343,1.0318817525371944,0.1065697830583501,0.8825029681534711,1.3350455956361111,0.0094627337121691,0.004652621665514,2.172027907406329,1.14586176587038,1.4198120533962626,0.9367562625355974,2.937510102919483,4.9933355204292384,1.038607229778562,29,22,7,0.7664254415874591,444.2167083392824,96.2127882240304,441.0564226372466,379.1392111353778,94.48563181216672,376.8059542947354,513.8427814071828,159.36495972413303,0.3101434241962192,0.1936630078848278,0.1394367391020695,0.417905128069486,0.2010256597228169,0.8762188820623243,0.0795549654874079,0.8242710269482685,1.2725924128944803,0.1570682964922468,0.9066864858919071,1.5855138612153508,0.0102262859692683,0.0053473144004706,1.6786645407915932,1.18021928095559,1.4423966026812718,1.0178716027430172,3.1457652300143466,4.790232869759235,1.1189569314651284,22,19,3,0.8512128543115769,425.71273402613485,112.34148975990507,452.75342028162726,394.7277606395716,90.74545968225742,400.1032390625759,537.4629043843973,168.30134092309197,0.3131403852250268,0.1846504012737099,0.1026475754658531,0.4490730751275712,0.1947699987370029,0.8418628405256973,0.0874134578151851,0.5891067099842149,0.7871503812991658,0.154116209987211,0.9455427948829824,1.1663665276841058,0.0133907144986971,0.0050435323982716,2.5594184815994008,1.212350668144187,2.015253599712335,0.8316383700278971,3.4004697212129344,3.29460904659871,0.9768586001247896,-0.1096163848172072,-0.0248289720930894,0.0847874127241178,20.60557839020873,2.101604077061154,-18.50397431314758,42.43813668744775,58.026686191641545,15.588549504193791,0.0007635522570991,0.0039279807865279,0.0031644285294287,-0.2031026506700035,-1.6987264738305283,-1.4956238231605248,1.872565671510109,0
S_00141,P_041,1.0.0,2.5,3.5,4.8,900,750,600,mouse,Linux,Chrome,1536,1080,1.0,1163,784,60,46.754293626078784,15.47752837780496,19.231779766929986,6,24.48611956115833,0,1,55-64,Male,31,28,3,0.9038478297947042,368.326698352605,76.93738276155554,403.7272761325504,325.21180191699784,72.88591108476874,338.1159854003998,494.5571184075269,126.16443958342629,0.2551059015987386,0.1719898442170978,0.1135841505662007,0.3758185321710631,0.1626459592041011,0.8803273317254297,0.0794594681641489,0.7737195550086019,1.0551415495593472,0.1139499718544529,0.9854700997226276,1.107611358484487,0.0098271939884679,0.0058843266266619,1.822782227826288,1.1209436824359114,1.775196138140143,1.1070813925742156,3.115316174535201,4.212121527151223,0.7817589610179145,25,21,4,0.8542637880859186,432.29442111515,82.12851883336421,441.2393389102903,332.4641476248619,80.31101933408681,332.5988697539014,458.9786545431644,176.19952254064702,0.383894808171469,0.1709718248312925,0.153494855755497,0.3706171985654802,0.1957094876974884,0.9079586615682442,0.0678392420420386,0.7145983122804452,0.8540425743448576,0.0977157357561992,1.000396762210808,1.3535011598477622,0.0071876835256872,0.0074891135363753,2.1731190062694368,1.052244098053341,1.3899328765007255,0.8259393241390607,3.266318283313369,4.37216224401437,0.9771527453932104,27,22,5,0.8130321665875353,446.1435682929586,96.07759555605168,442.67477996637024,368.67625593356286,100.78975957909734,364.8047867793717,531.0477907445244,173.51547117747296,0.3267417249475904,0.1962834595665455,0.1045210427345309,0.428733495485413,0.1527353311567631,0.8626297647138798,0.0802368420559768,0.7825441848510761,0.9601086195737047,0.1456409387640324,0.8257995665552604,1.3001560263085437,0.0090463432535882,0.0042112771094772,2.7378158807409894,0.9148218355254408,1.596298053523885,0.7823780274577583,3.5934438987877786,3.554676254307001,0.9712180023240472,-0.0495840417087856,-0.0908156632071689,-0.0412316214983833,63.96772276254501,77.81686994035363,13.849147177808618,7.252345707864038,43.46445401656501,36.21210830870098,-0.0026395104627806,-0.0007808507348797,0.0018586597279009,0.160040716863147,-0.6574452728442219,-0.817485989707369,4.566017585009032,0
S_00142,P_041,1.0.0,2.5,3.5,4.8,900,750,600,mouse,Windows,Chrome,1366,1440,2.0,934,944,60,59.239608770414215,18.790218837528627,22.957951118152195,0,19.417753191580044,0,1,35-44,Male,25,23,2,0.908855302264624,354.86214633843736,75.38355267828389,354.6329106512049,349.4533533636824,70.60335992955537,336.0924412612763,484.363320678078,136.31749772386445,0.2814364587579187,0.1511884884664822,0.141999275541222,0.3524099959008955,0.1523903388797049,0.9185093746947568,0.0756786694338502,0.712325167092586,1.0781003554563648,0.1272741126620114,1.0380563568031265,1.2961968686655994,0.0080153628701112,0.0056360859652297,1.6212153054666223,1.335838956212901,1.9857676765684475,0.8555205150216546,3.2534156738646214,5.0716067675560215,1.296045610774862,23,21,2,0.9041782491014468,361.6961561619137,86.98966949269376,354.1858323896654,341.929099558874,100.07341315977403,322.3765974852424,483.01294005251407,159.83514820038502,0.3309127664012634,0.163551214274149,0.1031256291165044,0.4052934255172541,0.186113356293565,0.8576884097273816,0.0473466029497562,0.6416600538937476,0.76826386036894,0.1059143662186864,0.9979612180499258,1.1859921322205969,0.0080861689144728,0.0044219624822792,1.9397253294880612,0.9593832311271492,1.4765187311971764,1.0405228483844708,3.171570592239557,4.171417232643337,0.9209580830021936,25,20,5,0.7954404307561946,464.15201208086336,88.49513759127545,464.89251120738567,368.995625156314,84.20291041636631,369.80575764813466,605.0229665348024,165.8775164550789,0.2741673054249871,0.2005931973611864,0.0807835656067768,0.3928795628401354,0.1512831514117698,0.8336580427694747,0.0694582685900024,0.6695859572515274,0.721786040367123,0.1229092737684884,0.978982103145118,1.1252453422109374,0.0110101012575951,0.0056442536598694,2.4010801611425063,1.1385868592184478,1.4453670661501867,1.08040139957615,3.5388701099640545,3.824058943787071,1.171434188935585,-0.0046770531631773,-0.1134148715084294,-0.108737818345252,6.834009823476322,109.289865742426,102.45585591894968,-7.524253804808382,19.542271792631595,27.066525597439977,7.080604436163901e-05,0.0029947383874839,0.0029239323431222,-0.900189534912684,-1.2475478237689503,-0.3473582888562663,4.8934123954024855,0
S_00143,P_041,1.0.0,2.5,3.5,4.8,900,750,600,mouse,iOS,Chrome,1536,1080,1.25,1373,828,60,51.53281146941119,19.150085086522907,24.91565008109059,18,23.367531052427903,0,0,25-34,Female,30,28,2,0.9253281577455824,399.0928085743831,86.91171656218205,392.9004139670365,335.8099482033536,82.97344119221877,330.1055971993832,437.79937887982726,138.2325392149221,0.3157440277065033,0.1395940603185304,0.1289245620251944,0.4431863268517368,0.1234007034638707,0.931123799429262,0.0742580446713724,0.8035093434694782,1.1142854020196655,0.1355895629441126,1.0307736609744536,1.176255492152516,0.0085196538615516,0.0058547391397125,2.0509737249102544,1.1993629631516762,1.4498323302107228,0.7817606002178826,3.037103242503269,4.526043245532851,1.0315482114959058,29,23,6,0.7957056587485041,384.8430753484671,73.41729457786192,394.0991981581377,375.2050338980015,76.22373369501501,366.7671169476656,610.6630341362168,183.88931837294592,0.3011305877275795,0.1808427604159955,0.1239503509880438,0.3704728396711247,0.1353133688039031,0.8764014693734166,0.0773769365707412,0.777593566724005,0.9593421097558472,0.1226495715593471,0.997229499598137,1.327520383761667,0.0097694538730104,0.0044843785909661,2.4892411288779828,1.1068266147601578,1.5175380170160453,1.0340173172455702,3.4741747382648445,4.5402603330109335,0.8444959660317481,23,18,5,0.769744465990279,439.5588542738385,90.3305373598978,420.4014042135168,395.6253685926538,103.1365791915848,383.0047035103079,534.2831647752073,172.1021002511743,0.3221177675017779,0.2376069693821744,0.1034792688686659,0.3955259044700684,0.1869309965454307,0.8459030205571031,0.0884502721758469,0.6940218364105856,0.94162165792898,0.165704078047608,0.8373990464868397,1.0995947007963889,0.0101871217294286,0.0031440033150324,3.0546287367306397,0.9563329359245544,2.167151959296828,0.9786797622877774,3.5750713699941525,3.651788811125296,0.8862252424430995,-0.1296224989970783,-0.1555836917553034,-0.025961192758225,-14.249733225916032,40.46604569945538,54.71577892537141,39.39508569464789,59.81542038930024,20.420334694652357,0.0012498000114588,0.001667467867877,0.0004176678564181,0.014217087478082,-0.8742544344075558,-0.8884715218856378,3.8080012561123,0
S_00144,P_041,1.0.0,2.5,3.5,4.8,900,750,600,mouse,Windows,Chrome,1440,900,1.0,928,596,60,49.00490954300821,16.051864930142926,21.836643167973705,23,18.867327306508045,0,0,55-64,Male,22,20,2,0.9000542854155688,395.50901770322514,87.95234984519172,377.3382941183265,274.81284526991914,88.89826003900669,270.78729375276345,427.6748134202059,159.3675168508065,0.3726371342195973,0.1604188198364081,0.1123106981713935,0.4193454989091259,0.1732916195684468,0.8735143297308574,0.0709127934020871,0.6803732926581252,1.0082607183251922,0.1326455170315133,0.9396678016221744,1.1889482375423128,0.0071450572383,0.0047804003380532,2.2289831902736865,0.9582472975780936,1.6129118568055212,1.098221795513939,3.365263889199392,4.324171686129948,1.1930351831696526,27,24,3,0.9024693616334606,436.87533488042686,87.08053754217471,448.152971980081,326.8589286200216,76.06020578733447,326.71864374004315,535.3900954767462,180.1129607646846,0.3364144430133701,0.1653180259725018,0.1039123468582267,0.4042465977976217,0.1519805072025297,0.8936858222954636,0.0759715385661485,0.7383467099566501,1.0313433626601611,0.1289951371589822,1.0389500303399644,1.263176536921686,0.0110131040430976,0.0054896717276721,2.130167449002033,1.0937070602875596,1.7004960480133298,1.101502574931569,3.1630766557272234,4.819279593288292,0.9886207949452184,28,22,6,0.7849844500914595,405.82414264093313,82.61573702986234,395.66314443554506,414.8614804580625,80.1335220892465,426.2666154492268,564.820692119668,176.23003051980308,0.3120105778321333,0.2163175531452518,0.1026517017368558,0.4145533994216737,0.1601692699863699,0.798529043255132,0.0609082126434316,0.7376695199116049,1.1306975012130662,0.1612094333016788,0.9864302932521996,0.9980199621092593,0.0103561014262025,0.0065589612865402,3.2812356224675607,1.3193906705997742,1.772277065564874,0.623830668183831,3.477905261506228,3.8687175258899167,1.2199805645124622,0.0024150762178918,-0.1150698353241093,-0.1174849115420011,41.36631717720172,10.315124937707992,-31.05119223949373,52.04608335010244,140.04863518814335,88.00255183804092,0.0038680468047976,0.0032110441879025,-0.0006570026168951,0.4951079071583439,-0.4554541602400315,-0.9505620673983756,3.795978099648426,0
S_00145,P_042,1.0.0,2.5,3.5,4.8,900,750,600,mouse,Windows,Chrome,1920,1080,1.5,1359,1022,60,51.37731282991002,19.521117042809397,20.597993159502344,4,28.226484755228636,0,0,55-64,Female,27,24,3,0.8896932764552524,368.39581713028247,83.72213107039772,377.1246413095678,381.6860591768745,78.27904603877984,386.1711426227038,471.03763024114,177.65273124253667,0.3771518873164979,0.1292155996420162,0.1151866065712734,0.3888172171102779,0.1395299560404447,0.8816215362428101,0.0771685190057008,0.7047885064840554,0.9859361778704606,0.142581022707012,1.0219522567387882,1.153925384960114,0.0075296014205581,0.0051144921679189,2.039034487067113,1.110382350356034,1.5936818359555462,1.2560902770234097,3.199442050236816,4.226429711883219,1.183055605536923,23,20,3,0.8611480179286908,401.8340145196311,94.979350287035,405.00021172482406,312.8812272243416,90.70697751709376,302.17420950064667,564.4329483964891,152.03709195567532,0.2693625387880015,0.184520243517153,0.1129539492903446,0.4165573930576845,0.1702950788990093,0.8747457831076118,0.0761164730824706,0.7550422191666275,1.1514767221167457,0.1048713097194122,0.967949114498402,1.2545578965152533,0.0091512872775284,0.0037838664913582,2.4296175170061614,1.175843655241908,1.6334190277624645,0.9081931067202208,3.38276553918637,4.763589661597058,0.9470200065711826,24,18,6,0.761626361678495,438.5328707250148,113.26746917360208,455.9463791014406,395.698119711497,103.66248908759492,424.0845303442281,561.1526836595095,188.4496281560602,0.335825941216394,0.1992502331723304,0.0950691869114907,0.4208760456908506,0.1614265882157726,0.835161142166317,0.0690912086390748,0.6597844048327376,1.0526794236943329,0.1121093825549823,0.8165761197045635,1.3475938857897107,0.0113517691743176,0.0050116656141817,2.703441685171909,1.1218349214886756,1.7687335851966164,1.0111709115290983,3.339660613928665,3.672058606042572,0.6777802477069251,-0.0285452585265616,-0.1280669147767574,-0.0995216562501958,33.43819738934866,70.13705359473232,36.69885620538366,-68.80483195253288,14.012060534622492,82.81689248715537,0.0016216858569702,0.0038221677537594,0.0022004818967892,0.5371599497138391,-0.5543711058406471,-1.0915310555544862,3.2609410853806318,0
S_00146,P_042,1.0.0,2.5,3.5,4.8,900,750,600,touch,Android,Firefox,1440,1080,1.0,878,951,60,54.96112235712827,15.27743117477611,17.76389550608691,25,19.893364398968476,1,0,18-24,Male,26,24,2,0.9113412703239336,371.5435504902894,70.51261049202797,403.8071190028481,314.898209261209,82.79423322461774,319.24663767597195,521.4690663681259,146.75349623019946,0.2814232055072664,0.1820575147244054,0.1263137977448633,0.4180900638743884,0.1392054962754371,0.9054292199200984,0.0838655993546117,0.780514320399593,1.097037508999469,0.0755179828572647,1.1679366503446786,1.3992304899598662,0.0053359351833324,0.0048126607101537,1.0356569729767766,0.8157322606375388,2.149446773920765,0.7985598116961852,2.985831924803032,4.755892898565715,0.839897405442033,24,20,4,0.8345025459543244,400.5955296321107,78.46139218480894,361.6101074602524,353.4428645595951,83.14624520397115,356.9583635671705,482.81332298521534,148.04309452257016,0.3066259514282366,0.1571456589157421,0.1368423059688162,0.3879730391875173,0.1206873508268087,0.8577670521430363,0.08091511067978,0.7242808813321242,0.9581910893157596,0.138672017987959,0.9492196939600526,1.394082352279688,0.0085257481712763,0.0057396630847311,2.09819641327734,0.984447454624634,1.807933321242814,1.024172928733329,3.295185802189313,4.221970353769399,1.2144401048690774,24,20,4,0.8214688136808446,416.8486416622846,90.61318957347058,401.4751790581525,374.378391880112,91.2018676228222,372.99868977336087,546.8122130112378,175.00645950822135,0.3200485566049797,0.2215873307762257,0.1284624984838169,0.4451081014952084,0.1907701087694897,0.8484563419233987,0.0785411745298347,0.7461199001052883,1.1184044937072817,0.1499957119143441,1.0068045987878318,1.6503738161335446,0.0103580292180594,0.0050085656604186,2.49684632292515,0.9591438606430104,1.21126161096495,1.1495409283384788,3.3300939311430584,3.954473856328709,0.7612887905455963,-0.0768387243696091,-0.0898724566430889,-0.0130337322734798,29.05197914182128,45.30509117199517,16.253112030173895,38.54465529838609,59.48018261890297,20.935527320516883,0.0031898129879439,0.005022094034727,0.0018322810467831,-0.5339225447963161,-0.8014190422370064,-0.2674964974406904,5.449476561877047,0
S_00147,P_043,1.0.0,2.5,3.5,4.8,900,750,600,mouse,iOS,Firefox,1536,768,1.5,1399,713,60,52.12920451956813,18.739978907268835,22.2847774436537,22,14.252845156051002,0,1,45-54,Female,30,24,6,0.7841714195407298,481.2390253416712,93.99664202519274,492.6275016593205,403.6730543596966,104.29022936010816,419.3868419008893,615.5346295859702,164.30634246536283,0.2669327354918779,0.2127715999133762,0.1690541887475121,0.4642340564200131,0.1912873533614911,0.8685077509656824,0.086886925139413,0.6571188551778311,0.8825571353724928,0.1544602322652556,0.7662179098941104,0.964189666280059,0.0096103247952455,0.0068054292870774,2.5914858138677124,1.2340054282413848,1.8986767767662296,1.4252140533488264,3.051397947173625,3.191937730854328,1.266529587505927,30,24,6,0.8149404117717791,492.8098459952825,104.30883271092092,473.44848407910536,437.3482289966474,101.29818960708508,444.3363177374497,603.0514625337187,164.51611931381584,0.2728061028533152,0.2113822505003603,0.1658664273445798,0.5115341291931834,0.2059868683121824,0.7915571640842545,0.0765363718829059,0.5670776812673969,0.7964737975067508,0.1242289513153556,0.8165721677218694,1.4316664534451726,0.0135249712478354,0.0070806853452347,3.0362789337842253,1.0445747859122472,2.0424704304739607,0.7934009778328595,3.3312552893362266,3.4165887584200734,1.0844853145181597,31,23,8,0.7510055916218978,577.4539565351056,118.9818699687312,580.0765640944808,463.2457271098436,116.90934959961363,487.3324647633303,671.7653521365617,193.1590784352102,0.2875395073902879,0.2377565023894625,0.1301386148737565,0.5066768728142224,0.1750120892514995,0.7916479578179687,0.0938713592277163,0.5709798651618001,0.8666776068851765,0.1591578000778503,0.8413738250450117,1.34983624334544,0.0160583764007915,0.0072894689491168,4.146858144881092,1.5465838600776949,3.459881730142116,1.3728922214508033,3.470688379504708,2.4711409763060934,1.190107769227195,0.0307689922310493,-0.0331658279188319,-0.0639348201498812,11.57082065361135,96.21493119343444,84.64411053982309,33.67517463695077,59.57267275014698,25.897498113196207,0.0039146464525899,0.0064480516055459,0.002533405152956,0.2246510275657454,-0.7207967545482346,-0.94544778211398,-6.3709152187016045,3
S_00148,P_043,1.0.0,2.5,3.5,4.8,900,750,600,mouse,Windows,Chrome,1920,768,2.0,1272,509,60,48.05218497052352,16.4297679841493,19.902090836562767,0,10.45059687609422,1,1,18-24,Female,30,25,5,0.8201363765970392,470.5459332405844,96.01906307352016,463.32720393969817,401.48490366517376,101.5944288342168,424.1493592150389,549.2153750295072,176.314686854745,0.321030136574877,0.2019279984848184,0.1161856577818515,0.4109572364703332,0.211095566944351,0.842407805356411,0.0699355542968308,0.6829521693053997,0.9880301173589277,0.1326516364746091,0.811135796387859,1.144119579882285,0.0133202932431561,0.0051337566351598,2.498328098136245,1.2241381196552557,2.166234854556383,1.0130100086015472,3.2964224862750533,4.073710381906549,1.2540837043694235,31,25,6,0.7905163200352003,495.7098440719132,103.56062393920944,515.1132245691335,394.1206823014384,86.1802995537341,395.9027398409714,589.5525271533375,161.4879030461097,0.2739160560058257,0.2219055785777008,0.1174647918585696,0.4358622565414418,0.1824621300925596,0.8111367923974384,0.0935511503914797,0.6017233054024583,0.9495489922409688,0.1380991913816484,0.816756383549273,1.4477637796712912,0.0102623211348568,0.0080329371646083,4.025728759890413,1.5028546834900376,2.2550868197830374,1.3976488025262517,3.2717357960165003,3.085593546350875,1.154028136549554,24,17,7,0.6879046559749298,549.4575511240455,105.49697239091262,549.9022559578661,414.5050786655149,105.43413282350303,428.3761911961878,572.9057922570512,197.9875201663891,0.3455847764889696,0.2661931229392794,0.1437773921785697,0.5078118484315303,0.1923707748241936,0.7940335170613291,0.0953959655968292,0.5409646681888647,0.8910967667225882,0.188088057202455,0.7452573330728267,0.9910905087278457,0.0135183685827554,0.0052814932954352,3.50415805217854,1.6099811316816388,2.2865552978937407,1.377307609909093,3.4189833313070386,3.5805309743355918,1.109996428380989,-0.0296200565618388,-0.1322317206221094,-0.1026116640602705,25.163910831328792,78.91161788346113,53.74770705213234,-7.364221363735339,13.020175000341167,20.38439636407651,-0.0030579721082993,0.0001980753395992,0.0032560474478986,-0.9881168355556742,-0.4931794075709579,0.4949374279847163,-4.574668994150824,2
S_00149,P_043,1.0.0,2.5,3.5,4.8,900,750,600,mouse,macOS,Safari,1920,1440,2.0,1681,987,60,57.3726834256949,14.768821398019934,22.73330675749368,35,15.671340099677174,0,0,25-34,Male,29,25,4,0.8559811402562777,509.14809892704346,94.08521181582609,534.1754741731411,363.89775550210817,86.91723051048417,339.7280564184191,555.6730597443229,161.2648161698863,0.2902152863845652,0.187337110675181,0.1075756573947688,0.474297488680181,0.192188729000503,0.9009514343529216,0.0932971459117068,0.6853764002233247,0.9063238205342034,0.1122094971314149,0.8186988119025339,0.9633117703191716,0.0127686024692156,0.0063165900074983,3.4720538521577904,1.3674839194103594,2.062907090640984,0.8713052122179251,3.2452449099444016,3.639220592438342,1.3405533684049484,23,17,6,0.747458332616503,501.49300602208,116.14183927722264,497.4046673021842,428.2735628183282,101.18716352737452,405.4964650041179,592.0798744964957,193.02196069719616,0.3260066234498207,0.2183196352720078,0.1185423331812294,0.4298149372193343,0.2193685852076181,0.8147876567308222,0.0944736969452766,0.6346804159396493,0.994814657327137,0.1357358634432203,0.7944983865117518,1.2012541622267154,0.0121644978796771,0.0054704768581379,4.106463853257102,1.1820194057563378,2.032662783776613,1.0567986255757595,3.507928785373688,2.5973848831014545,1.3807083213979523,31,22,9,0.7194564100960186,501.99013764155904,127.1503867794584,500.1208363419238,427.1059027566658,102.40331098325235,426.0302578578455,618.0939410088887,205.50401517398333,0.3324802292003506,0.2436170636886807,0.1064868555627103,0.4804521776627195,0.2061632713917018,0.788757188030093,0.0937428647444261,0.5744654910683518,0.798336672256373,0.1863129817456765,0.6871802794186769,0.9358821446789796,0.0160916534540066,0.0085315543578977,4.573450630189644,1.3503721450165076,2.7141218112567804,1.2687113446587686,3.675261290823743,2.9733243253308865,1.3441481177285453,-0.1085228076397747,-0.1365247301602591,-0.0280019225204843,-7.65509290496351,-7.157961285484419,0.4971316194790915,64.37580731622,63.208147254557616,-1.167660061662389,-0.0006041045895384,0.003323050984791,0.0039271555743294,-1.0418357093368873,-0.6658962671074553,0.375939442229432,-5.563649797472876,2
S_00150,P_043,1.0.0,2.5,3.5,4.8,900,750,600,mouse,Linux,Safari,1440,1440,2.0,1330,875,60,52.386154009610905,13.436789551578167,18.16590705580172,2,16.616706041382443,0,1,18-24,Male,23,19,4,0.8196775772918695,434.7153667467861,91.2602711844868,443.1522414461389,379.028733212981,94.65056971196525,374.1433883904937,601.6641221137056,186.4344302393436,0.30986462942876,0.2356454231800184,0.1421944947369678,0.4583158069583084,0.1812630095908085,0.880003310234583,0.0789444932713447,0.582431923206716,1.0155907302764464,0.1060276932508978,0.9256629995539356,1.1436132936289312,0.0127911339485428,0.0078135162429482,3.197067502993569,1.559386193330753,2.077484251338119,1.5294198747418446,3.3119247850239364,3.4840513628906464,1.1930259448882556,25,19,6,0.7786961449778155,470.7733739697123,88.24854874858198,464.9704058030604,378.0604219941793,75.20127181324145,382.188585687659,545.0720349901499,167.33543866813017,0.3069969250415757,0.1524550687080164,0.1139944676244903,0.4548133943319215,0.1783282463416294,0.8472298858097397,0.0994322690565312,0.6517730714385536,1.0249403867307918,0.1651938589365202,0.7936231205875737,1.2094903244905029,0.0137938685444033,0.006114605779129,2.909145720012178,1.4161945432788012,1.8107944670524785,0.864984021963376,3.219986547862485,3.596924383354687,1.2154218168099844,27,19,8,0.698215104133365,485.4471511489661,113.89695832177296,497.4271547105717,422.405403263102,88.75041134340653,418.9152512461389,658.2734793724441,181.21916011315776,0.275294639373776,0.2595510599497291,0.1298233535237522,0.4316602111348016,0.1731167880309887,0.7875536656285976,0.0823403847203693,0.6059304138481302,1.077801154317102,0.1307884092451815,0.7900089564978444,1.0056118285612377,0.0120391633221211,0.0066460139437871,3.5539883764990337,0.9473527820189388,2.5067282869724217,0.8415057399944068,3.4857741578702464,3.3915681813810705,1.2520451327380255,-0.040981432314054,-0.1214624731585045,-0.0804810408444505,36.058007222926165,50.73178440217998,14.673777179253818,-0.9683112188017162,43.376670050120936,44.34498126892265,0.0010027345958604,-0.0007519706264216,-0.0017547052222821,0.1128730204640406,-0.0924831815095759,-0.2053562019736166,-2.9040699051949668,2
S_00151,P_044,1.0.0,2.5,3.5,4.8,900,750,600,mouse,Android,Chrome,1920,864,1.5,1535,590,60,54.50390618093228,14.52687635991584,18.323866035582625,23,24.545358515275915,1,1,25-34,Female,28,25,3,0.8966259869610168,448.3653497731534,104.5693736773464,467.6694543748948,321.86899826737414,59.88207592609952,310.8486526230171,529.1498642286414,157.3185760518603,0.2973043870684699,0.1471811174790772,0.1126885142841347,0.4144795409834914,0.1901237014042135,0.8937559561893604,0.0838726069832267,0.715916704237777,1.1076945315088071,0.1271037896154989,0.8945687447177915,1.4529517998662276,0.0112852760907357,0.0061889341403844,2.518708664327041,1.4764141944419666,1.1717358417841317,1.2067638153116564,3.128568995213848,4.79907235507891,1.0765752875750827,30,24,6,0.8166208689453086,452.9507910290397,91.5529309827561,462.2730722498112,355.9922319940174,93.92565460452238,334.9846116323378,455.24205219430553,209.86215776012196,0.4609902726441207,0.1937787066794678,0.1260736707726067,0.4138505237188381,0.1743988855694936,0.8681464781426769,0.0667436341099447,0.6518391758206028,1.0439872807275532,0.0954222511594457,0.978526796898797,1.2729492604934194,0.0092058580824496,0.0076953912553009,2.26462055782748,0.9186714807194072,1.785637890609593,0.8048071836793058,3.3209570985491825,4.110150002663261,1.0937176203449654,31,24,7,0.7703997378290725,442.6535216225849,106.58181837474972,444.32891312014704,387.3433269088183,108.82762481943224,388.7990704335157,601.1925012189561,202.65446775661349,0.3370874842013476,0.240057238808461,0.1282923442288521,0.4515193712269874,0.1731883542536096,0.826613815530389,0.0555656373331838,0.6870635880208725,0.966399455987082,0.1593796733908027,0.8984639510638117,1.3481877253568406,0.0102206582123708,0.0045541937940699,1.9839369424435027,1.1178220414999764,1.8559720253321736,0.7778425354656422,3.534197856694796,3.414832730866105,0.843555259479177,-0.0800051180157082,-0.1262262491319443,-0.0462211311162361,4.585441255886224,-5.711828150568522,-10.297269406454744,34.123233726643264,65.47432864144412,31.351094914800854,-0.002079418008286,-0.0010646178783648,0.0010148001299211,-0.6889223524156494,-1.384239624212805,-0.6953172717971556,1.8533941297452052,1
S_00152,P_044,1.0.0,2.5,3.5,4.8,900,750,600,touch,Windows,Chrome,1366,768,1.0,1098,631,60,54.123770188714,17.321140084735585,28.886764600340346,39,19.305462335927363,0,0,25-34,Male,26,23,3,0.8958517981166316,395.1801734729649,88.49116167629963,396.4774802881161,354.9069031271357,74.98113359520359,363.5005810153745,460.19668845433984,130.1377293836371,0.2827871921910824,0.1663973101464284,0.1084025759070772,0.4035652627410017,0.1543455166362808,0.9048891309008572,0.0495322826033634,0.7882795188659318,1.0501404934730898,0.0806223864450358,1.0295092743794123,1.3408318790688876,0.0109097618700017,0.0040705200156174,2.1247233601683604,0.8081757262133789,1.198461458651547,0.9251108383002344,3.1682955513705333,4.758332299364294,1.019655363796584,22,19,3,0.8862564953191117,384.2618254437753,86.53602614503198,378.84215632495744,346.46411829183324,89.20699926630486,342.6605454740168,516.9984223417289,154.0941170437017,0.2980552945321129,0.1505739875506472,0.0740801616198479,0.3531445749205412,0.1978874740294906,0.8377951222697598,0.0832537048272235,0.6984247907355058,1.0907977073898825,0.0705821391165961,0.9903787284936444,1.5584823889474346,0.0105331083127038,0.0047943815230544,1.4549619680102863,0.7618316923188646,1.9625676208404417,0.8000988073110432,3.3092263844879843,4.499666385684959,0.774321210598655,24,20,4,0.8145508046698539,414.2084320079902,97.86609212205688,422.8791958160457,339.1617930673134,88.83419561546592,331.4724616620174,547.174452304959,175.83866776619973,0.3213575981581077,0.2145120465725645,0.0985610594240205,0.4295541687702667,0.1530376020810306,0.8683829500227115,0.0742317553146702,0.670620335791711,0.7419367662083745,0.1531321651728716,0.9137507480425496,1.2745604009159814,0.0146321934922073,0.0059331565254785,3.204612724152476,0.9187044342408212,2.11311641091869,0.8750808461521665,3.538902538115287,4.615723698602885,0.9279501739393324,-0.0095953027975199,-0.0813009934467777,-0.0717056906492578,-10.918348029189644,19.02825853502532,29.94660656421496,-8.442784835302461,-15.74511005982231,-7.302325224519848,-0.0003766535572978,0.0037224316222056,0.0040990851795034,-0.2586659136793345,-0.1426086007614087,0.1160573129179258,5.358329570834026,0
S_00153,P_044,1.0.0,2.5,3.5,4.8,900,750,600,mouse,macOS,Chrome,2560,900,1.25,2346,593,60,46.75043379127575,15.972613387873889,24.16416630586452,28,20.71864496287463,0,1,25-34,Female,30,28,2,0.9184009509057478,405.5490387885535,85.69016594283394,401.444515811813,307.866843544648,73.51503490258742,312.3712415311894,483.19733290006445,132.432876614061,0.2740761746742732,0.190046324928776,0.1204556358614293,0.4147289599590411,0.1613806782471954,0.8886971073878489,0.082774745229552,0.7057131922237042,1.009061860932548,0.0993392916337806,0.9805214655578652,1.50189620799678,0.0113740796823923,0.0070906138684638,2.5483449106330696,1.1589278036743782,1.546875856909249,0.6029568082236385,2.9982650455399265,4.327289897823486,1.0482104921578574,25,22,3,0.867440089023561,412.6193502736842,100.17685635585362,419.7753832422928,383.9884547182126,95.55234233296711,369.08334097243977,514.9087357583129,183.65993126042605,0.3566844345531401,0.1534344711829989,0.1411848149010601,0.4277705008560103,0.1751859413105689,0.8223605179807665,0.0737435917626676,0.7567319648995458,0.955527737895208,0.1415297564897871,0.946116352588573,1.4555167235285276,0.0110133015748344,0.004831213532416,2.6966978163994795,1.4728483934430716,2.010806055167933,0.941164498068389,3.658361572869997,4.431834633907754,1.186963846836891,30,23,7,0.7801163890996234,480.8383496796265,107.9321072206042,513.5805798629086,406.9348521147256,96.0177536334279,412.9321673923645,558.110948374159,161.50764565037915,0.2893826865802748,0.1793985499046808,0.1401905496192528,0.4669857371318336,0.1270002587260373,0.8187815572665408,0.0864357679691067,0.6339572762328367,1.03335787068864,0.1646555372558156,0.8077277089968354,1.1362290941695106,0.0116939159898152,0.004373786769162,2.420407814517794,0.9914007034544836,1.9152349089032816,1.0210997149757943,3.640632020982163,3.713884872545656,1.1770095955692454,-0.0509608618821868,-0.1382845618061243,-0.0873236999239375,7.0703114851307305,75.28931089107306,68.21899940594233,76.12161117356459,99.06800857007757,22.946397396512964,-0.0003607781075578,0.0003198363074228,0.0006806144149807,0.1045447360842679,-0.6134050252778298,-0.7179497613620978,1.9205931485461207,0
S_00154,P_044,1.0.0,2.5,3.5,4.8,900,750,600,mouse,macOS,Firefox,2560,864,1.5,1894,551,60,43.34762021726251,17.465399508267208,22.670452462669857,0,9.378093898998465,0,0,25-34,Male,30,25,5,0.823294019056895,375.891499625264,76.85991952700454,356.5586445387139,360.8966800419298,84.31753879016475,358.1411357157605,509.7374169151876,140.7002662734155,0.2760249917004344,0.1852982497647242,0.1129670925329437,0.3773700798876561,0.1881755715531786,0.876449453305522,0.0806197661914225,0.706991591351029,1.063957044018006,0.1210931221305962,0.9046916745299364,1.3029921580607162,0.0102010193513113,0.0063458261063397,2.898494894503376,1.04370206942474,1.917627266304596,0.6302105222769698,3.1820022777067543,4.2350786624247405,1.2923507528721727,25,21,4,0.8472040190683234,390.0251223662384,91.53086760550006,402.7205203777421,423.06241341944974,84.34157100143612,422.1830645475123,540.1548096946746,145.67522262046327,0.2696916143407238,0.1825140857581638,0.1247851928990025,0.4339513935492734,0.1306816432058587,0.8496253771408818,0.0885531479374776,0.7126516957815769,1.1088156980006014,0.1089769158975516,1.0262157542394468,1.3695548469960694,0.0132573200160101,0.0058377975663846,1.9051549955248848,1.3367495407216032,1.7641924627580434,0.8999280475714341,3.102035535339535,4.538979446759531,0.9970087937747036,22,18,4,0.8188154289705508,456.088508898231,95.1229697058145,436.2955712877838,400.7854959735346,97.36736899956574,416.1650072569321,552.5078392006747,192.3478343389781,0.3481359370705978,0.1916511940938491,0.1059081087625811,0.4433663321698112,0.1780186787402974,0.8577563989437391,0.0753453999931788,0.6077155162953021,1.1872799921382626,0.1364261555755488,0.882204615488069,1.178527660109414,0.0120938326129373,0.0059122479953168,3.42046378364792,1.2476961711148555,2.4663752351603625,1.1839797047666174,3.515282815842381,3.610918811629737,1.2414844712854245,0.0239100000114284,-0.0044785900863442,-0.0283885900977726,14.133622740974374,80.19700927296697,66.06338653199259,62.16573337751987,39.88881593160477,-22.276917445915103,0.0030563006646988,0.0018928132616259,-0.0011634874030728,0.3039007843347905,-0.6241598507950035,-0.928060635129794,1.651871850770029,1
S_00155,P_045,1.0.0,2.5,3.5,4.8,900,750,600,touch,Windows,Chrome,1440,768,1.5,1187,556,60,49.08924596022801,21.9203865552845,26.218666222859454,34,23.483899168765102,0,1,35-44,Male,30,26,4,0.8642838197548289,355.55627795390626,91.77283511043068,336.7866580165756,322.4929152667026,81.15853427487828,308.1257494107469,423.28865899381935,142.1861343919126,0.3359082067776087,0.1981202693386437,0.1111613821300602,0.3564739730708848,0.1675208736774682,0.9226658701363748,0.0471222845297111,0.7681133796355789,0.9734236330844804,0.0723352652772549,1.0298587688291518,1.3593867340650847,0.0084813874023029,0.0049105007700549,1.6725979524281316,0.76079171134029,1.222173713067461,1.0606646313601673,3.234960544059012,4.679703668324968,0.8328489861842312,28,24,4,0.8439444557741045,417.9546223769121,92.6258840028809,425.1126054235028,295.4162195341303,79.67131008110492,301.20855374545795,475.1893616953881,154.68378410739987,0.3255203011185196,0.1920938442728952,0.1044292987468636,0.4380413370491361,0.1350077860930858,0.8721358771319102,0.0531973927945469,0.7079702122841818,0.832491317648461,0.1428002844745615,1.0228037013790756,1.5250281257180276,0.0090735010426899,0.004239043293183,1.900507775394412,1.1048401342141108,2.1524291434078755,0.9712906669490522,3.263784840606863,4.27784453433697,0.9841191587821848,23,19,4,0.8347701607347773,438.82465852174096,97.6654696454458,434.3343576661928,386.22977594914784,89.96450749859281,396.35872331766745,575.865778634405,177.6111618130752,0.3084245815652707,0.2193374004252902,0.1380984027815227,0.4485688976349746,0.1723461973973953,0.9094420179013504,0.0746578151857951,0.6337717483837069,0.8500247205230684,0.1646089220409047,0.8625321464504271,1.09966320582748,0.0130171629895521,0.0049871407477866,2.6050346584191897,1.2664268420860652,1.64033434245366,0.5950937182405422,3.27566710437062,4.055537488824642,1.0276840226195738,-0.0203393639807244,-0.0295136590200516,-0.0091742950393272,62.398344423005824,83.2683805678347,20.870036144828877,-27.07669573257232,63.73686068244524,90.81355641501756,0.000592113640387,0.0045357755872492,0.0039436619468621,-0.4018591339879975,-0.6241661795003255,-0.2223070455123279,4.894636663611961,0
S_00156,P_045,1.0.0,2.5,3.5,4.8,900,750,600,mouse,iOS,Safari,1440,864,1.0,1123,621,60,50.82091023085372,14.51895686530724,19.416718198000726,10,21.02847394429948,1,1,55-64,Male,22,19,3,0.8613303127175671,437.1710638328996,93.33153713269466,414.2900987997807,350.7423370804603,91.71870454425448,348.76751573584056,557.2181027877886,157.6220555381624,0.2828731779344062,0.1746853674523107,0.1357705861321023,0.4329980304798635,0.1647232303370767,0.905218571152912,0.0878896519428756,0.6917733249408689,0.885585591533135,0.1284117343210538,0.9905883837639644,1.10147712266834,0.0106764330221424,0.0067090105215926,1.6985396334382648,1.250529095584879,2.036610649908226,1.124644035729775,3.320367253217124,4.0402349601802765,0.9524824076755476,23,17,6,0.7582467231539313,474.6929301649477,102.18908214214578,457.1655962025207,369.0376846861768,97.88233793443575,387.0698561096584,516.3905164041118,174.7364955353041,0.3383805278843667,0.2129578271719015,0.1547093653415225,0.433056310805212,0.1638141219478008,0.8359633478679982,0.0736860987415481,0.7765348742894276,1.1173597040255625,0.1553797533908312,0.8976254269794969,1.247378124619685,0.0123618083972959,0.0055506570633981,2.762995918806703,1.0763503005830528,1.8739800996624176,1.0182640953775304,3.1967434810754063,3.894975910081949,1.1511556347095333,23,17,6,0.7300152574399905,482.8114253745428,100.7253216881767,482.1125128679523,434.2030612111284,89.62812561660058,408.1212251684079,577.0844652463843,195.42442639627535,0.3386409410844902,0.2092386727705364,0.143973347374415,0.4610894386836441,0.1732467501875986,0.8099960249991154,0.0778796379338991,0.645400900613317,0.916138183488986,0.1487319217213766,0.8235549188256022,1.0581788977368558,0.0122616002144886,0.0065167315313398,3.4724230237335347,1.3707000032154246,2.25378784152791,1.0851807610604307,3.4587323942675634,2.693078970561735,1.076079354445956,-0.1030835895636358,-0.1313150552775766,-0.0282314657139407,37.52186633204815,45.64036154164325,8.118495209595096,18.29534760571653,83.4607241306681,65.16537652495157,0.0016853753751535,0.0015851671923461,-0.0001002081828073,-0.1452590500983275,-1.3471559896185417,-1.201896939520214,-1.0589534272451055,1
S_00157,P_045,1.0.0,2.5,3.5,4.8,900,750,600,mouse,Windows,Safari,1920,1080,2.0,1692,983,60,49.33376607157462,19.97580403110544,21.16768505346452,9,17.80090704235737,0,0,45-54,Female,26,21,5,0.8183313556295692,412.5519752864442,93.51082701081457,399.48411157472617,394.03862297613847,93.36948351062124,383.2807594920519,611.0331376788131,161.1018239320901,0.2636548069128986,0.1735332066511299,0.1230900750171831,0.3916342512173443,0.1808955926593303,0.8461485807084891,0.074476268106309,0.6960616381208236,1.0600178730231886,0.1417647278317014,0.8848322207475533,1.5462372358420922,0.0101768519120566,0.0062171908132294,1.9369246990437656,1.0714176914157305,2.1035200670590983,1.0305275696224263,3.216172208937931,4.297790399405995,0.8800912313168993,28,23,5,0.8148251693983889,477.8370097143631,104.46511944851105,479.7150013460971,411.24493661117305,80.74437872344252,422.90530858944817,608.0840755604413,180.3267844826085,0.296549098603528,0.1915366285739149,0.1184365456232692,0.4128869004941329,0.1850747689801231,0.8606333935102681,0.079970305570614,0.6138405214635483,0.8956112547918176,0.1209526882955335,0.8532670070458858,1.39327838077649,0.0144088737311503,0.0079197659760183,3.08405119854401,1.1423121536239038,1.9474662488179688,1.0776923297722614,3.256962837130822,4.319863660747416,0.7912127529305257,23,18,5,0.7843555707624532,454.2997596499271,102.05026734256444,445.395108406279,439.03694526469786,88.66566052025972,455.45383911775616,542.5462357855411,164.99414995035826,0.304110763410729,0.1925868063077319,0.1000896929900801,0.4986906403353281,0.173301380582599,0.8245131267071709,0.0702168159044453,0.6625051859773323,1.1375968693172651,0.1301903192631857,1.0020178012553604,1.4066814587305372,0.0128195869433304,0.0063772696795239,3.308212692625903,1.5668500532523908,2.370639143145872,1.1047933113080006,3.4207750270056185,3.6599571374671194,0.9530448310363586,-0.0035061862311802,-0.0339757848671159,-0.0304695986359356,65.2850344279189,41.74778436348288,-23.537250064436023,17.206313635034576,44.99832228855939,27.792008653524817,0.0042320218190936,0.0026427350312738,-0.0015892867878198,0.0220732613414202,-0.6378332619388769,-0.6599065232802972,-0.3029701194833849,1
S_00158,P_045,1.0.0,2.5,3.5,4.8,900,750,600,mouse,Linux,Safari,1536,1080,1.5,1315,793,60,56.35811460439449,16.61096147786514,22.885190797349587,16,18.087980347212813,1,0,unknown,Male,28,25,3,0.8943443219590981,429.70048629164575,91.91471382690108,445.1105166349236,338.47478289462634,97.33788943368444,347.6364673871545,535.2347356306564,143.67087794924606,0.2684259230297554,0.1958495605159665,0.1033933167193397,0.3853468911123749,0.1628744143353494,0.8732420522628483,0.0826073654838859,0.7149841298297392,0.8335654002401995,0.116562323593311,0.8843485821431859,1.3308821868933327,0.0109524807352373,0.005832115854915,2.6079055966221656,1.5216374608257566,1.6807506990145509,0.7895578890094781,3.2868792853906688,3.917931947891693,1.0468241345287148,31,25,6,0.8063803296645581,417.8182957776406,92.55993116948764,404.3199258844294,396.6362194723805,97.25815245244036,392.5999704028395,527.7830800246508,134.47357297096625,0.2547894732902114,0.2010351156694766,0.0715346293741097,0.3745415094443845,0.1738879107535485,0.8656096490886788,0.0740497828963511,0.7582915019525485,1.0637437008547692,0.1241331057333823,1.0314353768162885,1.616202378950902,0.0116809644271407,0.0050808055337068,2.519136063016368,0.881864896094207,1.8953065327920329,0.7684011907307495,3.2706387846205227,4.04557087197887,0.7808531827190652,26,20,6,0.7517445894020038,466.8506073897831,98.80950553673888,470.9083763605788,389.0990997833856,86.45330681324599,395.516109112086,562.142261300658,181.58509634787188,0.3230233854464685,0.2205178141798602,0.1254991552787914,0.477294314545475,0.1644502471590596,0.7960021681176732,0.0912765955919298,0.6597872403034046,0.795227758162532,0.1510753649991358,0.9681533119823316,1.57752979076824,0.0129280418011653,0.0069157338308142,2.583403406499172,1.164032088373539,2.053527801955291,1.046923449360498,3.725679090315433,3.5498220539073047,0.9377558681296246,-0.08796399229454,-0.1425997325570942,-0.0546357402625542,-11.882190514005115,37.15012109813733,49.03231161214245,58.16143657775416,50.62431688875927,-7.537119688994892,0.0007284836919033,0.0019755610659279,0.0012470773740245,0.1276389240871767,-0.3681098939843887,-0.4957488180715654,1.6135732751333314,1
S_00159,P_045,1.0.0,2.5,3.5,4.8,900,750,600,pen,Android,Chrome,1536,1080,1.0,932,753,60,53.28134305720915,15.20608018774638,22.367675254857332,24,13.350779180555833,0,1,25-34,Male,31,26,5,0.8511836185343872,440.30324597440296,95.9566490400564,427.2261182907861,378.04841168945126,88.8470948820349,369.51344866669353,445.0264870624235,194.323381286636,0.4366557652991527,0.2177698119691752,0.1283261917537906,0.3855767599209467,0.2081904853664637,0.8601472549437985,0.0873301485240517,0.6199208130443072,1.137089640921082,0.0951391414744324,0.9349116413391308,0.9665835591624068,0.010336513993366,0.0057738886306919,3.194295042643556,1.1547588808476752,2.24117399276902,0.8250519618568022,3.1577057595432887,3.951065796418544,1.204214313719474,26,21,5,0.8110935814118735,474.00605902289857,100.12638318462034,464.0863366237018,372.0055440384981,95.7037800216918,352.70707290915,495.1589449329462,182.32272686198755,0.3682105084190238,0.2175108106336696,0.1532072042660385,0.4677483614319159,0.185989795559779,0.8586262488352935,0.074641360012689,0.6346676895156933,0.7243833487514539,0.1657240670034893,0.9315936287435348,1.144176759694843,0.0120053831156543,0.0073585215458245,3.3765386152629238,1.054307044532768,1.139435273151257,1.1089532923538123,3.186969555224265,3.900549657783897,1.2724166336249727,23,18,5,0.7949845631990178,519.6593531017471,120.1881289885746,498.9734479532172,447.9871740928042,100.46644557225976,463.4590912675927,673.6381506983965,192.33190156569395,0.2855121868710868,0.2531493763543919,0.1129779800961204,0.4994846267095788,0.1350842102158055,0.8090159171050737,0.0810076275243795,0.6361965315488399,1.0148394927409727,0.1305006182839985,0.90528038964139,1.4392804361369014,0.0167572150457918,0.0069058018196677,3.123619292488681,0.9854818357443962,2.8743476072746903,1.1773444624931249,3.480703655262964,2.6237986277130854,0.9901984827398286,-0.0400900371225136,-0.0561990553353694,-0.0161090182128557,33.702813048495614,79.35610712734416,45.65329407884855,-6.042867650953156,69.93876240335294,75.9816300543061,0.0016688691222883,0.0064207010524258,0.0047518319301375,-0.0505161386346473,-1.327267168705459,-1.2767510300708116,-2.2269855431875283,1
S_00160,P_046,1.0.0,2.5,3.5,4.8,900,750,600,mouse,Windows,Chrome,1536,1080,2.0,937,922,60,58.16306278250914,19.40801813720452,26.03368588191939,0,15.2194713075042,0,1,18-24,Male,30,28,2,0.9352472367029754,384.8397756131241,91.41845450542012,398.04642935824336,301.72201754491863,83.6475205715809,297.2771524632856,497.3222721233882,131.91244540457902,0.2652454008169794,0.1747904614251575,0.1177958993043389,0.3782758343103229,0.1453997951920896,0.8862478015135556,0.0827641057785527,0.7509542301033992,0.8952537903633099,0.1152081283219902,1.0497507152755394,1.2238508588855173,0.0093416957142197,0.0069631223112483,1.826464069636693,1.3558015244254022,2.0974969012354667,0.8990810946274481,3.148548707147558,4.849327301686686,1.0156026434071976,22,18,4,0.8393448724686103,433.1689790695143,98.15548413943476,446.378416540793,358.66063750903544,95.80310876183842,359.3806209659955,471.6682367652432,184.91679011046816,0.3920484266200529,0.1824222194847801,0.1342940021651776,0.3810755523671036,0.1700498916697683,0.8774902805412197,0.0753633646957651,0.64097118339775,0.6773875802189717,0.1549349292116172,0.9750145410253424,1.5000346989440132,0.0118399663111956,0.006220328157197,2.447901989695425,1.222649651343326,2.2215017494499687,0.9601243853163768,3.605255156659879,3.60294659476644,0.8024859079722585,29,24,5,0.8145509667448796,433.7403064516282,116.78150867420526,413.6801858831341,424.5080900336485,103.26334109303004,435.567093517692,499.8971105491434,205.1816400039979,0.410447741493451,0.1813130758120839,0.1441673403761004,0.4676276960499807,0.170944573545148,0.8433365137543812,0.080887722665266,0.6490009740844458,1.0700834422747634,0.1686976438335407,0.9275480180197156,1.18754886001467,0.0140458937287614,0.0036009209509386,3.081993974558781,1.2726112878572848,1.7892351151053478,1.1382792971491549,3.480042120802506,3.444749212347649,1.1880057006111764,-0.095902364234365,-0.1206962699580957,-0.0247939057237307,48.32920345639013,48.90053083850415,0.5713273821140206,56.93861996411681,122.7860724887298,65.847452524613,0.0024982705969758,0.0047041980145416,0.0022059274175657,-1.2463807069202455,-1.404578089339037,-0.1581973824187912,1.8769158532465768,0
S_00161,P_046,1.0.0,2.5,3.5,4.8,900,750,600,mouse,Windows,Chrome,1920,1080,1.0,1507,885,60,52.3015211656712,17.040859741264423,26.204946623181065,25,23.86090593282061,0,0,18-24,Male,25,21,4,0.8542902661172344,432.5631158223537,79.30585363328976,418.41466174144807,350.7494910965572,77.08063142518968,330.99525898720634,547.0533788074118,175.44742344005795,0.3207135358939508,0.190671898971509,0.1191916342908342,0.4137211801761291,0.1966368539180419,0.9010684055314032,0.0798454876251957,0.7994085423994061,1.025730316434109,0.093174481311109,0.8242201570858791,0.92105385190398,0.0094847473320321,0.0058207144893326,2.9099526123837536,1.204824895038331,2.079377565612968,1.0168884430913792,3.20202821391903,3.955722844755893,1.3212981456264858,25,20,5,0.8185260691523382,442.6226890829946,102.78136188449024,442.93513010033234,383.5458370823621,89.2887431050857,366.8267602327781,546.7208314993813,202.33575583088344,0.3700897133843936,0.2050269169459134,0.121489847024855,0.4357494916221838,0.192339588202612,0.8426501572284932,0.0819847490948446,0.6661882498697569,0.9552179737815796,0.1400552567341436,0.9428663905683314,1.3071021024943252,0.0136588802594149,0.0064753013266279,3.919307272655528,1.2205167838022597,2.294040242959265,0.8627000348918776,3.530118388296696,3.551353672787785,1.176291579260228,30,22,8,0.744153944383998,491.26414555464754,102.84895520948233,503.10293896346576,406.6411171740885,111.95450107669656,401.0338019520267,534.3268744765015,205.62172817528227,0.3848238559528509,0.2063516917068171,0.1359218359700715,0.4813042548456941,0.1933808595339355,0.8586818080100009,0.0722409158554341,0.6553211379587075,1.0564717714505938,0.136587816176411,0.8215239983194079,1.1284458675035427,0.0134325645746239,0.0046422562364844,3.4254735536551237,0.9288691537399396,2.640365502964946,1.1106632421848384,3.7709709808203407,3.5399273668721034,1.062195808898665,-0.0357641969648961,-0.1101363217332364,-0.0743721247683402,10.059573260640889,58.70102973229382,48.64145647165293,32.79634598580486,55.891626077531214,23.09528009172635,0.0041741329273828,0.0039478172425918,-0.0002263156847909,-0.4043691719681077,-0.4157954778837891,-0.0114263059156813,-0.9954797459011095,1
S_00162,P_046,1.0.0,2.5,3.5,4.8,900,750,600,pen,macOS,Firefox,1536,1440,1.5,1376,1268,60,60.0,17.07295273948571,28.46641543239857,39,17.201231429656364,0,0,25-34,Male,22,19,3,0.8821131946161371,421.9101069302518,97.9612165600924,423.641312800919,367.5927065037531,98.06165410185216,370.55213298220366,492.2259926267605,166.7702860210359,0.3388083695683511,0.1942349067620931,0.1218285684844136,0.4493406668941971,0.1755944310168378,0.8831214995794077,0.0835555556963901,0.7158895969358399,1.159482192450502,0.1270107387415147,0.9306287818479652,1.3598260370716169,0.0114752376345559,0.0067552161285941,2.874209509417974,0.8965861087122735,1.0427365584856032,1.2522000107854352,3.26582861693092,4.207661520139846,1.2012940572283335,29,25,4,0.8538737830091628,466.9143555445731,88.71600180809288,478.26621758912125,332.416037291039,95.91595328768258,319.112510921505,584.7052659704731,181.84616737528268,0.3110048394612298,0.1943480834477157,0.1083340645033051,0.4124782836002932,0.176351116758204,0.8370140543098089,0.0973693475208399,0.6064029673806877,0.8327565741539809,0.0928952454728905,0.9426607715833242,1.2923032151197549,0.0106267758436914,0.0050481974210453,2.8276712151878285,1.087303959412233,1.9294299767277008,1.388633103444909,3.3458265823838858,4.041717138746102,1.0274773867092362,24,18,6,0.7305347827435276,475.084898388308,124.04121490957183,479.3963138117174,416.0728869856896,92.4206573758789,449.1361514465106,548.2049377361622,223.8253532164375,0.4082877365912367,0.2339372265067574,0.152438097762577,0.4514075604350568,0.1324829916663748,0.801596399318489,0.0837800544811957,0.6424022380807902,0.8911513824914028,0.1374146334927816,0.9466820293686868,1.2214800282685423,0.0132636866793948,0.006176308852108,3.0072855036078976,1.019936927207168,2.088291317520813,1.37187145960086,3.650867179489927,3.720349671903883,0.9791775470450882,-0.0282394116069742,-0.1515784118726095,-0.1233390002656352,45.00424861432128,53.17479145805618,8.170542843734893,-35.1766692127141,48.480180481936486,83.65684969465059,-0.0008484617908644,0.0017884490448388,0.0026369108357033,-0.1659443813937438,-0.4873118482359628,-0.321367466842219,-0.4876688639782889,1
S_00163,P_046,1.0.0,2.5,3.5,4.8,900,750,600,mouse,Windows,Chrome,2560,864,1.5,2115,714,60,47.68027672882484,19.732270229931817,23.694992944458235,33,16.724402395562265,0,0,45-54,Male,25,21,4,0.8561756897823741,418.77822993166205,100.41703630590855,405.4910778380312,388.09514332308856,87.60202769765418,393.5713973027889,526.7194458156648,155.72555394913653,0.2956518032251187,0.2135539419090404,0.1428601489062262,0.422883656854792,0.1642851752948287,0.906594782118695,0.0827741785705701,0.6822329292691465,1.1181912556354214,0.1126156981626928,0.9136017447556616,1.228987902499297,0.0083066136855626,0.0064564690869386,2.393575707187516,1.1140023978403173,1.6590362169358557,0.9036960175661176,3.074162830397628,4.174675441573728,1.0977710943540493,26,23,3,0.8726741738082093,448.55499376328265,102.24691819301805,437.77374977324297,386.0758849807864,94.316262824462,385.8275066976373,558.1262299255371,165.31325398246858,0.2961933073894842,0.1923377854537847,0.1231531194959157,0.3844722395449785,0.2127361302255606,0.8949951487146013,0.0831108398143742,0.6920147611415335,1.071741681547593,0.1083212796386888,0.9709060840186386,1.2569401148535049,0.0149175537877506,0.005952474151514,3.30178649432756,1.192464158230515,2.709374687655489,0.9186400148191252,3.4947633180991087,3.947487738264919,1.1817565524765306,23,17,6,0.7515307535456831,468.568710348341,84.91888673165448,452.4528287214168,406.2562352611863,109.68267092155791,402.0358620461983,625.8456734113396,202.53939362433275,0.3236251399172219,0.1775281080357972,0.1351125867552141,0.4579190842920738,0.2061148981756177,0.8308021382573547,0.0874370275947831,0.6041291624935707,0.7446164194406357,0.1425569352508436,0.7389341695415627,1.0003826093595658,0.0109252287937162,0.0047029929177548,3.31310514394938,1.334956532203334,2.2868288167037902,0.921351958759226,3.3418887756641613,3.1251329320790893,0.9977766020427444,0.0164984840258352,-0.104644936236691,-0.1211434202625262,29.7767638316206,49.790480416678975,20.013716585058376,-2.0192583423021238,18.161091938097684,20.180350280399807,0.006610940102188,0.0026186151081536,-0.0039923249940344,-0.2271877033088092,-1.0495425094946391,-0.8223548061858299,-0.3708554354599111,1
S_00164,P_046,1.0.0,2.5,3.5,4.8,900,750,600,mouse,Android,Safari,1440,1080,1.25,1199,995,60,59.43610997815596,18.778253579196164,18.978171367758375,24,17.44286001777668,0,0,unknown,Female,25,21,4,0.8543302042508216,397.6149726158448,83.22419734895944,411.39003883196045,358.89739074650004,96.9492701355484,347.6983095277369,498.5662524006044,172.16571904603035,0.3453216462547348,0.1808435900008171,0.1151262947572894,0.4087870817826304,0.171941579016261,0.8991107497907059,0.0793668917107773,0.6798173330170453,0.836595079925003,0.1220584614016596,1.0003036762176978,1.3033337795701805,0.0078960297434832,0.0070479842058864,2.8733552059717606,0.7619285175655635,2.1003844213947165,0.9277577038535944,3.228498062004072,4.758568799827781,1.3174336813145553,27,23,4,0.8338353761853958,397.430128170504,77.76033629613525,384.2577440851365,398.7064659109487,82.85899382370614,401.9438254878135,514.3466483465749,160.19678522968465,0.3114568467485016,0.2134097963418787,0.1203078444310991,0.4230054142101825,0.2290907821862337,0.8334010093558093,0.083449301702971,0.633789558637285,0.8648971339979761,0.1309131494652797,0.9994197914943248,1.310242507220171,0.0102436160309073,0.0055179339909878,2.26593228764045,1.2858657781786005,1.96290985563523,1.0565865975832072,3.309568549620038,3.932683442847829,1.2458929140548252,24,19,5,0.7998580553215895,499.9911599826886,105.15094569998011,479.7011985628573,392.24420620165085,95.96933842127989,377.9029971574673,596.170708279174,180.99853022829623,0.3036018504678672,0.1955854079436452,0.1118610976361768,0.4339347103137415,0.2104304514257997,0.8444902402063555,0.0703109651141454,0.5929889248626442,0.7495913320084975,0.1331638770066996,0.8876290635540649,1.404811037186198,0.0109842628405731,0.0080865563336478,2.6485932674294586,0.8775942715413432,2.631000991997699,1.2338039832875884,3.456647680336557,3.641657039102946,1.1305382311854997,-0.0204948280654257,-0.0544721489292321,-0.0339773208638063,-0.1848444453407864,102.37618736684384,102.56103181218464,39.80907516444864,33.34681545515082,-6.462259709297825,0.0023475862874241,0.0030882330970898,0.0007406468096657,-0.8258853569799527,-1.1169117607248351,-0.2910264037448824,0.6181130341992022,1
S_00165,P_047,1.0.0,2.5,3.5,4.8,900,750,600,mouse,Windows,Chrome,1440,900,1.0,1348,852,60,60.0,15.104071554952656,21.9384352141408,16,22.23388717280216,1,1,18-24,Female,22,20,2,0.9058132553069138,389.4651536010285,88.19358813582078,391.1559476643977,343.4083451144703,86.43243166098345,339.288542625486,502.8168217747386,172.68326859820917,0.3434317650485669,0.1316385908117137,0.0930961765622199,0.3989044648462078,0.1544564704748037,0.8884986160350383,0.0874043288955947,0.7363361627685594,0.7668308394428826,0.1005869875467029,1.0087988115224282,1.3647522413908773,0.0097394383753584,0.0059270796814249,2.1613533352582057,0.851930269684799,1.394003777843445,0.7933483546760547,3.157234429597062,4.840709440435043,1.0785190784349772,29,25,4,0.8736715882681281,401.5593863100959,102.59379721297216,391.46680862114505,358.61579343696343,91.44830152837918,366.7249184125358,442.8281577748567,154.68992106399477,0.349322684992047,0.1965298723449262,0.1106581429271678,0.4120026100864409,0.152097020717834,0.8333027502815864,0.0887753672748422,0.7033899743758653,0.9018454165482024,0.1076208967915511,1.0625474627669211,1.544750084623829,0.0086545230170224,0.0066172340717129,2.398855607100093,0.9684297837364402,1.618261837295449,0.7612442158974349,3.121868434587682,4.510446291022788,0.9847979371456942,25,20,5,0.8001678167897639,457.6749941839967,82.35901662343758,470.676397924352,396.4583949081612,84.62288330026769,391.9816139024144,500.7598950328213,180.43702635246183,0.3603264321729189,0.2383805410788039,0.124545824440021,0.3851854158435551,0.1860212502197122,0.8760640313345088,0.1024970711683116,0.6965384983398801,0.7828081074736375,0.1461473816938771,1.0454532412169597,1.3673900142544142,0.0133100455976626,0.0046130881077917,2.9338250759193403,0.5926223182998602,1.6672449387836985,0.9166795365440432,3.4294964904135345,3.291584330098271,0.942955236287671,-0.0321416670387857,-0.1056454385171499,-0.0735037714783641,12.094232709067398,68.20984058296824,56.11560787390084,15.20744832249312,53.0500497936909,37.84260147119778,-0.001084915358336,0.0035706072223042,0.0046555225806402,-0.3302631494122545,-1.5491251103367718,-1.2188619609245173,3.751726206244691,0
S_00166,P_047,1.0.0,2.5,3.5,4.8,900,750,600,mouse,iOS,Chrome,1536,1440,1.0,1259,1282,60,53.28418649633377,15.521457867797174,27.30546552697573,40,28.67823178296557,0,1,35-44,Female,26,24,2,0.9180159470373032,309.85659128452073,79.04317071266425,288.04790372770884,288.7249050526965,64.5753573912252,286.0753638581208,520.8678937427817,150.573293665302,0.2890815415466154,0.1132923658604133,0.0672605809377707,0.384778691385275,0.1373383008127808,0.9113490020800687,0.0724215257320175,0.7518195276723295,1.219590042946187,0.112732493297382,1.1301956155221111,1.6182828792628543,0.0078672045769448,0.0048517102085954,1.81326220722286,1.1454519424870109,1.1279691767558466,1.2019302073971352,3.088119604449141,4.868280443654188,0.9225614971833296,22,19,3,0.8493688689438701,441.07811890767897,82.9491398680484,445.6489366225654,324.79441372794867,83.69758460498987,326.01009013606097,457.13401342208994,151.3268139338073,0.3310338095408386,0.1815784546537235,0.1214628861871353,0.4005663167863568,0.1621030450117604,0.8773953747666502,0.0654371575797692,0.7003287517110999,0.7635308172024258,0.0988742157165654,1.0786679547203548,1.3650054133157783,0.0087732868943285,0.0046806722602201,2.6701932882874613,0.8235549778806945,1.5861947314844036,0.8432303922761888,3.330189023764216,4.518736810840985,0.9654983600304322,27,22,5,0.804614948536578,463.1788574317311,95.01741411108289,488.7308606707351,379.5432928599411,94.70603412155674,379.1527524787981,520.0228769500004,142.37307590212538,0.2737823319180905,0.1550478425527308,0.1338735336086458,0.4068812203044109,0.1802355577497403,0.8197546107371465,0.0599929916456654,0.739239450549301,0.976939326265465,0.1400764926384838,0.9734299743914324,1.292279179790441,0.0099122491776072,0.0038521548040048,3.0613907378473675,1.3226933132129384,1.4374678435441504,0.6361077985888319,3.431834028636686,4.060366423552331,0.9296508877967212,-0.0686470780934331,-0.1134009985007252,-0.044753920407292,131.22152762315824,153.32226614721037,22.100738524052133,36.069508675252166,90.81838780724462,54.74887913199245,0.0009060823173837,0.0020450446006624,0.0011389622832787,-0.3495436328132024,-0.8079140201018564,-0.458370387288654,6.35515050958047,0
S_00167,P_048,1.0.0,2.5,3.5,4.8,900,750,600,unknown,Windows,Edge,1440,768,1.0,971,655,60,60.0,18.528187013169298,18.74979150382072,41,22.286344942177774,1,1,18-24,Male,22,19,3,0.8426172093603278,407.8835015065729,100.5638389263238,406.8426569873699,353.3645412933444,80.33280791225111,359.4061837640936,525.6158795968269,153.18186501361782,0.2914330996451549,0.1776161912779882,0.1231806258438083,0.4164864825707027,0.1841875950860225,0.8733941522973965,0.0673749507856655,0.7257469648765662,0.9735196064452164,0.1025840321638751,1.0017175772576885,1.4879501918827944,0.011084316681057,0.0070637863075605,1.8301464392164968,0.8977051722409924,1.5388685994241995,0.9637859734384834,3.164237299421452,4.274594557951862,1.0020659292074023,30,24,6,0.79251128901797,481.6753954094808,92.68319269620828,465.91268449605,353.71850167181225,92.80699221950525,352.51740879786934,556.5645155317596,163.79316275634451,0.2942932188191179,0.2185770043891951,0.0831893717485268,0.4525421923024761,0.1754048838089286,0.8460877329851394,0.0960359030496049,0.7903129315353079,0.7914484421564933,0.1285661764451842,1.0042439353398127,1.420499656587485,0.0127763432822444,0.006959157142428,2.702142046966244,1.5857256094650047,2.0868161742689666,0.8774457662014237,3.237147860775748,4.543187849556517,0.928785531257442,24,18,6,0.7627078140379766,449.90216880843207,103.5604714953431,452.8040442528558,367.67918164149967,105.7088333832332,372.531965426921,630.0739561536516,187.7327166325984,0.2979534621278925,0.2374898827354448,0.1256477189818836,0.4881126655402342,0.1844372686235563,0.8383576436324345,0.087447585267699,0.7811766509365317,0.9988010183039466,0.157329028452768,0.9134804119329508,1.339389265006906,0.0122062867061915,0.0034937815492029,2.8439924173441007,1.3302159015443844,1.8222002304761225,1.1319179538513169,3.5115413746585515,3.5489966377167814,1.1836009730295134,-0.0501059203423578,-0.0799093953223512,-0.0298034749799933,73.79189390290793,42.01866730185918,-31.773226601048748,0.353960378467832,14.314640348155253,13.96067996968742,0.0016920266011874,0.0011219700251345,-0.0005700565760528,0.2685932916046551,-0.7255979202350806,-0.9941912118397358,0.8895933573625381,1
S_00168,P_048,1.0.0,2.5,3.5,4.8,900,750,600,touch,Windows,Firefox,2560,864,1.0,1993,799,60,56.015491597942905,15.94375825373536,16.530550985395763,0,21.944188957251804,0,0,65+,Female,28,24,4,0.8746031149654031,436.7750873183741,94.80736311218008,426.84080622125776,338.6441908680285,73.90041424710937,336.3998586626153,539.1809823804933,160.2402708189023,0.2971919931438211,0.1364705811763363,0.1142151492490017,0.3468460168513796,0.1882066079688052,0.8779554480786381,0.0638302516548132,0.7724048079098699,1.0895301483719482,0.1167709105549692,1.1428048997671485,1.5880548752055417,0.0082448577357774,0.0061253504328191,2.2098716583754,1.3745810774462508,1.6873664447162546,1.0169066421602275,2.983644738470706,4.521215049238148,1.032482106660349,26,22,4,0.8367079587579144,431.26260500965714,92.0266688585904,452.44410038341766,357.8122587761025,84.10497421035502,355.49009649972834,527.3009679330174,159.9180025483361,0.3032765200018565,0.1771711280915605,0.113467383066375,0.451135165262967,0.1776957417608487,0.8962769895457867,0.0873933754417614,0.7763423995837173,1.190577717800084,0.1553819216414995,0.8786653467335883,1.325779288420159,0.0122397739599643,0.0070051738871908,2.2560150705283952,1.252705418053138,1.805634202152252,1.3103340314016605,3.111906256340833,3.870490628914112,0.7693269110557861,25,20,5,0.7902914919605722,509.76480065179646,99.9067327050762,508.2493008139327,402.9813708525055,95.1188486426157,398.58905862277646,570.8347366931861,169.8088486986109,0.2974746240607292,0.2089034627290342,0.1269615898364899,0.474703146110263,0.1980929644305705,0.8417243243756284,0.0796193227657869,0.698017518033991,0.8766450924054341,0.1278073502669018,0.9096494934307668,1.0683968384976512,0.0126626442882183,0.0066552286015025,2.608285137798635,1.208259151043905,1.840333967384528,0.7376068844011526,3.79233415656395,3.2969603848060807,0.8490240870869611,-0.0378951562074887,-0.0843116230048308,-0.0464164667973421,-5.512482308716983,72.98971333342234,78.50219564213933,19.168067908074025,64.33717998447696,45.16911207640294,0.0039949162241868,0.0044177865524409,0.000422870328254,-0.6507244203240363,-1.2242546644320678,-0.5735302441080314,1.9981524279403968,0
S_00169,P_048,1.0.0,2.5,3.5,4.8,900,750,600,mouse,iOS,Edge,1920,768,1.5,1484,542,60,52.1078158101305,19.458247531011565,27.85849154429676,44,18.860787826956084,0,1,55-64,Male,25,21,4,0.8453688961328302,387.6684752409227,83.94068677153695,387.9045255387381,366.6940726523051,86.47311773103162,365.963980046264,515.8310517258865,165.20074843487004,0.3202613489089796,0.1380476491342528,0.1358861958743218,0.3841166357918675,0.16558430461568,0.895126938375227,0.0764731977395757,0.7465284738977478,1.0135478241125164,0.1086678662979973,1.0847405116601907,1.540950341461711,0.0098986271916264,0.0064152454428208,2.1237761242900444,1.5794994687556347,1.3350716406558034,0.9810425719529038,3.157036058207339,4.302759450380356,0.9902703268470096,26,22,4,0.8630131343189779,397.2459662531173,101.09576720908544,387.51790023230257,360.9048294546801,93.04266308604274,362.799617667039,491.6010582502471,151.48437920935874,0.308144941242674,0.2027905983882384,0.1265259185129302,0.4341693665080361,0.1666241812524196,0.8605096012685349,0.0739717244479746,0.6048347450842374,0.862185135114991,0.1369036092634198,0.9524600557183254,1.5678324315212055,0.009138607986678,0.0050616218850677,2.69911551964651,1.1932984824307842,1.271000213472863,1.078948440269344,3.35724752593334,3.3145169514382413,1.0409024499614852,22,16,6,0.7457066225165743,448.8304545098446,90.722449742192,442.58762432974106,432.4581796996715,99.10199340905416,458.37078892083525,572.9321414047224,181.3213021464368,0.3164795427637746,0.1922615173637626,0.1215269886670503,0.4779019659222803,0.161084642401367,0.7986435757249175,0.0571105336241862,0.6178976971638147,0.8492372808526376,0.1325344007664801,0.8588976933174843,1.2940826223867077,0.0129796902731418,0.0059223190047216,3.300503035110685,1.0132836498332345,1.7589950304631747,0.853942105448749,3.3953045842477345,2.846353172163364,0.976573544362178,0.0176442381861476,-0.0996622736162559,-0.1173065118024035,9.57749101219457,61.161979268921925,51.58448825672736,-5.789243197625012,65.7641070473664,71.5533502449914,-0.0007600192049484,0.0030810630815154,0.0038410822864638,-0.9882424989421148,-1.456406278216992,-0.4681637792748772,1.5737133465623077,1
S_00170,P_048,1.0.0,2.5,3.5,4.8,900,750,600,mouse,Windows,Chrome,1440,1080,1.5,1247,877,60,49.6991605256602,19.048590547377067,25.131405237893198,5,14.472930157734927,0,0,18-24,Prefer not to say,28,25,3,0.8818160061352615,382.33277252583787,96.51898636851294,367.548070626674,340.40659763459405,68.51343271878761,350.14885502199286,458.1162727129173,153.04965383993695,0.3340847355925444,0.1548389320820619,0.1420619341054412,0.3528645560839701,0.1467770419103409,0.8998868213247042,0.0802162786219393,0.610627843460827,0.6523786243609978,0.1047317623857829,1.0949038729609717,1.728068005743517,0.0083786373896149,0.0053295448350093,1.915387965786976,1.2266796424631767,2.00865478156306,1.176232919340474,3.195649908101688,4.276086937953694,1.0262583225109374,25,21,4,0.8365031705829079,368.6257830120919,88.12184409775787,372.8111693144169,322.0826683339493,88.85783315542464,316.01061237488454,584.105832140129,144.51722283379974,0.2474161613903036,0.1976161829986681,0.1293405592721127,0.4335963004252497,0.1498678035917127,0.8496957120122569,0.0759738856471357,0.7144935379979336,0.8973614790424889,0.1478365765192603,0.9419282079825796,1.007873096364724,0.0098642988531022,0.0059804651606754,2.626918729525251,1.1668828799139417,2.178292610521884,0.7020706575240393,3.256443747747399,4.750341948054663,0.7299262888198218,29,23,6,0.7895078501172235,477.53453662671154,108.9140481317701,467.6327910340162,400.9174175945731,86.87334951499702,384.4392925874229,509.8074307264852,163.7966818958458,0.3212912798513596,0.2153632369961677,0.1001435463342512,0.4488085734683832,0.1786191778341997,0.8737564404146182,0.0793391639799617,0.6380579397976962,0.9692364947800324,0.121768752246953,0.9929017054633468,1.352595893398735,0.0124411993490949,0.003719537835315,1.9178360306282385,0.7997535160032656,2.499827162924421,0.6953978072950461,3.59384647029834,3.492905305132276,0.9890242569815784,-0.0453128355523535,-0.0923081560180379,-0.0469953204656844,-13.70698951374601,95.20176410087367,108.90875361461968,-18.32392930064475,60.510819959979074,78.83474926062382,0.0014856614634872,0.0040625619594799,0.0025769004959926,0.4742550101009692,-0.7831816328214178,-1.257436642922387,3.3848967186306513,0
S_00171,P_048,1.0.0,2.5,3.5,4.8,900,750,600,pen,Windows,Chrome,1920,1440,1.25,1174,1039,60,51.83401568119209,19.22260519031746,27.892303280048058,36,20.669899782530955,0,0,35-44,Female,27,24,3,0.8814514182426638,380.7611695423497,79.15769689305249,384.1910752899493,334.93888870239283,76.25737900373078,314.5906445934944,455.71180873392217,187.15973413405965,0.4106975736574278,0.1794050631169607,0.1354764559602111,0.4375533651196122,0.1880908738451733,0.9196091005330848,0.0670516782651585,0.7091743199116689,0.8568326904115793,0.0818300996792049,0.9249546702016612,1.5558368369352342,0.0093149689838586,0.0077711002283261,3.285640025872125,1.7565429757377429,2.2654401632258083,1.4397640503156564,3.2487751311583586,4.4473367676856,1.1123635814311976,23,19,4,0.829304851708106,450.0596350283934,90.149302307554,470.7239985955241,378.713679126119,83.75823744534253,385.7849610957751,528.3828626886356,163.23161943188137,0.3089267857804658,0.2138283853001128,0.1124168595093857,0.4643168697360068,0.1798720152786957,0.8606018845115075,0.0794580500127942,0.6224117455995526,0.912981008336036,0.1447354762261518,1.0106010783799724,1.1577749655732923,0.0084966987266208,0.0052507659899117,3.245174103691994,1.2017119817145756,1.6413836855718558,0.6775497838628188,3.217401604331958,3.744378990915687,1.2084803350456834,27,22,5,0.797791285134691,437.8075240947845,108.10117364257913,428.0461706146531,376.5476868794098,96.83012652931784,372.4578470215208,571.8924654047393,159.55565157276115,0.2789958973490594,0.2188511845401113,0.1284769881284861,0.501491205665731,0.1623758662969097,0.8186634014196432,0.0757871774912002,0.6605540348664338,0.9221961669811763,0.1562378500591944,0.8214784905456768,1.2310065439401592,0.0113018459596467,0.005644250612937,3.7025146113973255,0.8778683412453246,2.0359520169645053,0.7132085227867699,3.506960196182766,3.8823034062817694,1.0935859450755356,-0.0521465665345578,-0.0836601331079728,-0.0315135665734149,69.29846548604377,57.04635455243488,-12.25211093360889,43.77479042372619,41.60879817701698,-2.1659922467092088,-0.0008182702572378,0.001986876975788,0.0028051472330259,-0.7029577767699129,-0.5650333614038292,0.1379244153660836,1.0623982343886613,1
S_00172,P_049,1.0.0,2.5,3.5,4.8,900,750,600,mouse,Windows,Chrome,1920,1080,2.0,1533,920,60,40.6187979792162,14.903851062237294,18.415900379766708,18,28.64751664395176,0,0,65+,Male,27,24,3,0.9070936872627516,351.73324956160366,81.3258054299128,342.1086752486852,346.79280647937867,75.2917865545782,351.5164660270092,451.163138257185,166.88154564546386,0.3698918007577411,0.1634760735822291,0.0617990485645384,0.3212658131027122,0.1431785595033401,0.9149333332411348,0.069555157154464,0.8066200592189766,1.035566846156983,0.1277280925208807,1.1051492110476715,1.4667857021150246,0.0096959808551313,0.0033400796303498,1.858260213199475,1.0252996321586154,1.475103877318299,0.5053146776340396,3.160938963968828,4.953106200139502,1.0199221971593642,30,27,3,0.9049548696453578,402.3767845900742,85.40309015167459,392.2521783558429,331.4770907488365,84.08607845942356,321.9394625470681,491.8637649716731,162.26463301295394,0.3298975134350441,0.186895751026293,0.1140230143080828,0.4345635898630448,0.20634868305236,0.900388979827186,0.0652769330326033,0.7764722840177827,1.082730493996633,0.1240499309635094,1.1257525518401068,1.2231358254925058,0.0114487286963247,0.0068394027227232,2.3595183635736503,1.1162241871776448,1.4019994851546964,0.8496126761631048,3.424692823872223,4.674688258886239,1.056454337700272,23,19,4,0.8389226736260028,435.80536802954674,85.89506922456987,423.3213473769285,401.3760957882537,90.89887282167751,383.3823364124639,494.1439572363489,172.78834852581986,0.3496720864344704,0.1794464126037556,0.1273641421417778,0.4713737308188691,0.1577957946915505,0.8769516548132843,0.0863961248256842,0.7082351887287092,0.9738053821443472,0.1428520244858415,0.9211237558270708,1.287638395109255,0.014032152368633,0.0044889723344147,2.8018205945481705,1.1025580601604208,1.6713631547216603,0.8926788967816421,3.7468929886809135,4.154703922719382,1.0548206716889532,-0.0021388176173937,-0.0681710136367487,-0.0660321960193549,50.64353502847053,84.07211846794308,33.42858343947256,-15.315715730542196,54.58328930887501,69.8990050394172,0.0017527478411934,0.0043361715135017,0.0025834236723083,-0.278417941253263,-0.79840227742012,-0.519984336166857,5.517880170658328,0
S_00173,P_049,1.0.0,2.5,3.5,4.8,900,750,600,mouse,Windows,Chrome,1920,900,2.0,1307,853,60,55.68260891309215,15.83534162876128,23.00092054449977,33,14.718403290828856,0,0,25-34,Male,22,19,3,0.8784499372926046,368.94909100853664,72.18300405143658,358.11963295233534,309.1264073596959,73.76598169978271,310.2191708444254,555.6270391265581,132.43104015014222,0.2383452042908547,0.1521572992112825,0.1140447914471507,0.3479624490419386,0.1265322605091846,0.9003519112548015,0.0768033406397403,0.7692301583843725,0.9914974466210495,0.1166328102831449,1.001468898148843,1.3381556014769256,0.0055709801637551,0.0052415899235909,1.9364124338329805,1.1432814322064768,0.9168585919311674,0.7997531132752915,3.008229445931272,4.748163401710948,1.160398840745959,23,20,3,0.8590529630222633,345.1042561657874,79.76967450885313,369.2685336670455,306.5237312527881,87.73486248288454,323.87913010113334,500.97504380567904,156.1992030812161,0.3117903875902519,0.1549955609040882,0.1029644168584588,0.366704989234189,0.1752343052738442,0.8744070681425984,0.0653450397425828,0.7310627807009312,1.063799608429863,0.1213062955274813,0.8443938320988172,1.232530272540544,0.0064248524779919,0.004579549150676,2.041339995306936,0.9137625266666658,1.5906811980622582,0.9821459426456812,3.2039801310771066,4.190871790991415,0.9327351963818974,27,22,5,0.7969662064458524,445.754197606594,81.35830410696595,450.8559579962951,349.2931725703301,106.6091099540234,355.747507050366,506.05016215571095,156.75158902595155,0.3097550415915474,0.1904125619573,0.103820758357777,0.3928602390860188,0.1781918732717426,0.8609951457998153,0.0777277013163034,0.6989235545787907,0.9781056742857508,0.1225554873598216,1.0889506221778638,1.456390242783523,0.0106948726482028,0.0044626288638442,2.206224151816751,1.0317185875377983,1.9323116692443971,0.7012190098477573,3.5029868915764197,4.046760063722168,0.9918851568861166,-0.0193969742703412,-0.0814837308467522,-0.0620867565764109,-23.844834842749265,76.80510659805731,100.64994144080656,-2.602676106907836,40.1667652106342,42.76944131754203,0.0008538723142368,0.0051238924844477,0.0042700201702108,-0.5572916107195329,-0.7014033379887801,-0.1441117272692471,6.229103908445755,0
S_00174,P_049,1.0.0,2.5,3.5,4.8,900,750,600,mouse,Windows,Edge,1920,1440,1.0,1635,1117,60,50.49513315054845,14.551438952178303,19.341729340674892,12,12.455378392687386,0,1,25-34,Female,23,21,2,0.8927510531733974,412.9934488059242,97.58391184694554,421.5181623217006,336.46270655628496,91.28671013036688,334.46810982182734,498.75307095068666,183.917225234321,0.3687540707944944,0.1839934270694521,0.111148327269184,0.3893400770863123,0.201489464179543,0.8917011242959949,0.0777247745693171,0.7539769783812916,1.1095875212037685,0.1259566104376836,1.0370822365549075,1.4547883903903098,0.0103282569499319,0.0050163226825498,3.147713928822323,0.9028567756805164,1.7667935530458847,0.6948406689732711,3.185280689174607,4.197515088947459,1.0825574613105904,28,24,4,0.8424125685499956,404.9692896687323,93.24428973432023,384.06417633188806,343.4129222326686,82.15125414584975,333.0838664576846,534.112445333289,170.48673200826772,0.3191963293457487,0.210884863095645,0.0990778367118998,0.4123383645928035,0.1621063734185289,0.8565971229314903,0.0908748262234096,0.6051091522323115,0.7118028949231028,0.0996455494020021,1.043322522808689,1.3011625326037248,0.010205910605659,0.0041333263594723,2.5586179617089315,1.32289645164705,1.9298673831785316,0.9406212703492676,3.085267171182239,3.922684631643498,1.0842312951978752,26,21,5,0.7944065728486026,483.8043459097239,97.45041570470008,472.9168630031483,396.1634322330172,106.3607881517768,371.7536243123202,525.9197350020006,196.16167411409927,0.3729878554820786,0.2411381074450531,0.095545603940829,0.4352648014491716,0.1632316687832816,0.8281055591074791,0.0739159503117266,0.6392489276057831,0.9898075269991632,0.1054429763101425,0.8360314067457753,1.2865206181772553,0.0131650852977178,0.0046894183433598,3.215453156296767,1.414965498842612,2.0852723143569896,0.7606018761962154,3.615243138447137,4.148533763041095,0.9292730350930584,-0.0503384846234018,-0.0983444803247948,-0.0480059957013929,-8.02415913719193,70.81089710379962,78.83505624099155,6.950215676383664,59.70072567673219,52.75051000034853,-0.0001223463442728,0.0028368283477859,0.0029591746920588,-0.274830457303961,-0.0489813259063645,0.2258491313975965,1.965504607824128,0
S_00175,P_050,1.0.0,2.5,3.5,4.8,900,750,600,touch,Windows,Firefox,1440,1440,1.25,1366,954,60,50.10595681838551,13.244504018028408,22.81572589752545,0,12.991732085895444,0,0,35-44,Female,24,20,4,0.8396722161129833,412.7319361170179,88.21676673584388,406.29214013061926,378.5503573843652,87.13210618074473,388.2809620137711,439.78994208560846,147.30506059216415,0.3349441324046699,0.1507884301301775,0.103844714193256,0.4241726261469003,0.1801399683972455,0.9194853149780562,0.0840568946410578,0.8016497312038471,1.1374664596826385,0.1401662931065727,0.9326160497841728,1.1214396572847791,0.0091717759878458,0.0059107383813456,2.294561984814512,0.9842930975105496,1.886355263738028,0.7873117535640896,2.9699762077822207,3.869060214579552,1.053237863564053,25,20,5,0.8163096338779756,454.3675823533962,99.82162349514282,464.2799709897359,351.438524300283,85.77587557499515,343.57078658288043,571.2522636177399,176.1324674958543,0.3083269489041629,0.2197069583806164,0.1530362006328594,0.4204074786370582,0.2081834233202018,0.8531107722234571,0.0894245660928366,0.71161999047175,0.724372980161435,0.1111276155419361,0.8422490546559148,0.9249419999120316,0.0123641882991406,0.0079913797671436,2.6827565365368984,1.3553529154779955,2.386691551319023,1.030057526840092,3.3162030402627445,3.8157995797339774,1.169025019134286,22,17,5,0.7919931524785083,483.7015973723956,106.84578372677096,484.4696408905149,374.35826553960646,105.7625944062416,389.7737669749847,594.6088930741837,198.57516843024837,0.3339592978564382,0.1974695952708934,0.1062961424283689,0.5231485530226364,0.1768625134830843,0.8011174891306017,0.0872348715173664,0.5965576067594529,0.6160947240649615,0.1572475492014013,0.822575961692821,1.2207542130261868,0.0114661807668936,0.0066298121062932,3.187224868258894,0.6666798646129237,2.3019077182231764,0.930444921117462,3.696507646328621,3.548113101599258,1.2018148633664922,-0.0233625822350076,-0.0476790636344749,-0.0243164813994672,41.63564623637836,70.96966125537767,29.33401501899931,-27.11183308408215,-4.192091844758693,22.919741239323457,0.0031924123112948,0.0022944047790477,-0.000898007532247,-0.0532606348455733,-0.320947112980293,-0.2676864781347197,-0.5210094054314384,1
S_00176,P_050,1.0.0,2.5,3.5,4.8,900,750,600,touch,Linux,Chrome,1440,1080,1.5,1010,969,60,54.23340470638336,15.064838172622675,23.95999142646469,1,17.09645593442244,0,0,25-34,Prefer not to say,24,19,5,0.8056705386170583,452.0048561297692,92.408536876339,446.1696357090668,373.3447310801527,75.49225507933156,369.7101840829988,557.2636889503873,178.75549541705493,0.3207736282867147,0.1977269504232492,0.1324637157871672,0.3722796072875411,0.1819024295597773,0.8575668290882809,0.0939222401271269,0.7477144841575453,0.8836510268711221,0.1212815589412064,0.9563900479688636,1.4415087365922186,0.0077066848867314,0.0039004338169287,2.6922986958727666,0.7157278616781817,1.902599788326789,1.1349499743314997,3.3854119862491663,3.894409970541356,1.1406856665352243,31,24,7,0.7752118269671605,473.4870627897704,99.2952999094846,482.5687577503575,388.7801373289972,90.7657731646928,379.41924992602287,536.8867033831743,177.05719936217798,0.3297850333160753,0.1888830515599239,0.1034442658414921,0.447548228987949,0.1642657692749554,0.8687099219059862,0.0870228866294346,0.6229397867214984,0.8985934385462803,0.1188071246086464,0.7966924905172487,1.0571087154001932,0.0113446370176236,0.0066314648556798,2.976831263724573,1.4035461491589136,1.7406782139581978,0.941168742032519,3.5666550052649493,3.076430839948165,1.048715273726052,30,22,8,0.7209386087867118,478.51840773962846,101.82498140817448,469.4860761682773,419.76293907267535,89.63550847084848,426.8208839508244,582.2987098189179,201.1415552220803,0.3454267574878036,0.2745608096165887,0.1362570383944351,0.436627247614169,0.1803242175073428,0.823517839977686,0.0759066526042281,0.64370839983542,0.6662736504434785,0.1616641150418867,0.834647267353233,1.1681914825989042,0.0152586966700724,0.0048485389551574,3.35412700297797,1.3807955419545572,2.33212900286906,0.6936699585109157,3.686559494095199,3.186334940838729,1.0373772921032467,-0.0304587116498977,-0.0847319298303465,-0.0542732181804487,21.482206660001225,26.51355160985929,5.031344949858067,15.435406248844515,46.41820799252264,30.982801743678124,0.0036379521308921,0.0075520117833409,0.0039140596524488,-0.8179791305931912,-0.708075029702627,0.1099041008905641,-1.3899087873615938,1
S_00177,P_050,1.0.0,2.5,3.5,4.8,900,750,600,mouse,Android,Chrome,1536,1440,2.0,931,1207,60,58.35444136074915,20.49133882352762,25.85643939340958,27,15.8805014937311,0,0,25-34,Male,27,22,5,0.8313263259688194,417.2943779345511,81.53973574257769,418.7430698782139,374.691113226466,74.09424634189637,371.1751066507788,561.3995116931117,166.1539283549479,0.2959637920842648,0.1787889224361783,0.1068387978296616,0.445326922205354,0.156662430780226,0.8845545866901223,0.0803555738411265,0.7554772192257384,0.9355473678974716,0.1102461167833244,0.8620652939498665,1.2776579351399278,0.0093843595375703,0.0051479676737894,2.300302649070624,1.3094294295044493,1.4741326756127502,0.7986730546629641,3.334454213827608,4.133824747613973,1.244823010556547,22,18,4,0.8118967952394395,448.5099808619657,107.19870664776798,428.9218884688116,404.516615061517,86.04978224899158,416.3585698941156,571.1297837600987,192.80202030040235,0.3375800488482111,0.2215576241741548,0.1204618181678551,0.460235922388598,0.1951085860828893,0.8586776062958079,0.0820241527579633,0.6741064347553931,0.8295348507619249,0.1184797842700677,0.8698915095883915,0.980005993071016,0.0114343731931412,0.0059694682782217,3.1518148100150176,1.45415178680769,2.382309134983628,1.285199339320851,3.206437845906649,3.330781201858781,1.2411177843687158,28,22,6,0.7959945753673655,516.3023102438209,108.1803861881324,546.2528694578752,417.4640635663421,103.72386015175,402.439163311239,627.3390868423801,202.1951258166701,0.3223059587031151,0.211155671565863,0.0996184867301336,0.4790205005968627,0.1643525308126754,0.8524014926050674,0.0630548271370741,0.6565409985349864,0.944885195504085,0.1444654996705635,0.8132376956927343,0.8539712503262749,0.0120629402730096,0.0054961584698253,3.619723819280919,1.0454372025558425,2.366852009598807,0.7430582869705417,3.556037229112538,2.556771825889655,1.415800674348505,-0.0194295307293799,-0.0353317506014538,-0.0159022198720739,31.21560292741464,99.00793230926983,67.79232938185521,29.825501835050943,42.77295033987605,12.947448504825104,0.0020500136555709,0.0026785807354393,0.0006285670798683,-0.8030435457551919,-1.5770529217243183,-0.7740093759691264,-1.3310887585870372,1
S_00178,P_050,1.0.0,2.5,3.5,4.8,900,750,600,mouse,Windows,Chrome,1536,864,1.25,959,723,60,53.176793021005786,15.267175845863571,17.791126989867042,10,23.93073654359852,1,0,18-24,Female,22,19,3,0.8720358747127772,425.77898828390994,81.24376300938108,407.8832755779756,354.3930263528842,98.14607531302046,349.34797927985346,587.3670501735428,177.14435472275528,0.3015905551229276,0.1835744269291343,0.1048916189118189,0.397660488245338,0.1900144419438618,0.8838318873095012,0.0737866157621948,0.7442379724036563,0.99889053204638,0.1361339525502259,0.8849483141098338,1.384869064311059,0.010686868978442,0.0071652574766724,2.968353668833936,1.1765468823005316,1.734231543912291,1.351759370349774,3.1564147295927065,4.487792552199677,1.0379451230031247,31,24,7,0.7813334524455151,452.2092908541839,101.28593171894656,446.0710897158815,402.46494157734577,93.8715837395576,411.7677580533548,563.1849669621104,174.05943659710803,0.309062646923987,0.1855194742673263,0.1288041422735486,0.4390886174689462,0.1672537452264644,0.8534120501624233,0.0938125494775271,0.7416293658266365,1.0142066625391015,0.1324990994019571,0.8229179996704739,1.4308227666754163,0.012689888455473,0.0067196393829148,1.9074891817111443,1.2017220925732734,1.9257052936095596,1.1317162594917054,3.252345377968131,3.7847421818477,1.1880651126747914,23,17,6,0.7375462743670333,460.5102016474013,105.4234912401934,440.43291609715766,424.41534629394266,107.54473504914456,423.6555446193592,627.5121214429327,161.79758081563895,0.2578397696025274,0.2620754187343441,0.1623889357478121,0.4750060029745295,0.1959990089929217,0.8234093683535774,0.0775811944913723,0.6010414562549374,0.8451600143032066,0.1588724257563254,0.9116230880803824,1.559613548834068,0.0129257874431249,0.0044788592508655,3.803105717036767,0.9493467067901604,2.0420266284536583,1.0495018001017662,3.546576262339484,2.8679373459807387,0.9831823363755428,-0.0907024222672621,-0.1344896003457438,-0.0437871780784817,26.43030257027397,34.73121336349135,8.300910793217383,48.07191522446158,70.02231994105847,21.950404716596893,0.002003019477031,0.0022389184646829,0.0002358989876518,-0.7030503703519768,-1.6198552062189382,-0.9168048358669614,-1.0141441852339945,1
S_00179,P_051,1.0.0,2.5,3.5,4.8,900,750,600,unknown,Windows,Edge,1440,1440,1.25,1167,1017,60,59.65389372162331,12.934841928264344,15.721073870680158,10,15.428454478547245,0,1,35-44,Female,27,24,3,0.8976160290640799,437.08298219881806,103.13682383668092,452.6809647855112,328.0632285622655,85.56787696413389,314.03775638256104,422.02968763839846,154.64183731578512,0.366424073579119,0.1569207105331033,0.0726286227289813,0.3621030600194039,0.1597535575167686,0.8945127303352678,0.0856355519574352,0.7532812189157531,1.1169859513758713,0.1116435334265327,0.9451085501664724,1.2675460570858863,0.0101541806921625,0.0065880145048061,2.229666761058024,0.9252674146192676,1.6784236155858587,1.0289140430903505,3.384907862907968,4.296358506405764,0.9331482621820536,24,21,3,0.8670360735373104,407.1413008535348,87.95704989336092,388.3292028014312,333.57524297094847,103.89324380203912,340.9268679282424,552.1081108719936,163.69979010331,0.2964995204376989,0.1900908157618239,0.1058533167143522,0.4459153929801642,0.1641625692291961,0.8578775004987166,0.0936879416134936,0.7070329480123344,0.8759494806899896,0.0933033149113495,1.095045228624581,1.3622564221562934,0.0134036620287104,0.0059543066868922,2.5859707149565434,1.1450592295614748,2.422511449522696,0.494874136437734,3.352151227926126,4.081104249306105,1.001353842559447,29,23,6,0.7789636431262393,454.83040680847023,99.56590365755332,474.53377948124,397.3226758527895,101.37205429743166,403.82746326288645,619.9489795118112,201.76536121715205,0.3254547839985726,0.2261426160478047,0.1277454615901478,0.4457210019974716,0.1939364888042759,0.8679515221768608,0.0836347634829132,0.6360496460710316,0.8812878734766396,0.1509824473691093,0.9820969097352926,1.32047532755376,0.0111006918502981,0.0071396593228572,2.42788874902798,0.9228241159692916,1.6055878248892637,0.7446076863970416,3.6711017315678505,4.130216976721247,1.022211020152131,-0.0305799555267695,-0.1186523859378405,-0.088072430411071,-29.941681345283257,17.74742460965217,47.68910595493543,5.512014408682944,69.25944729052395,63.74743288184101,0.0032494813365479,0.0009465111581355,-0.0023029701784123,-0.2152542570996587,-0.1661415296845172,0.0491127274151415,2.309379957623924,0
S_00180,P_051,1.0.0,2.5,3.5,4.8,900,750,600,touch,macOS,Chrome,1440,768,1.0,973,728,60,60.0,15.48822015521546,20.813417023706123,25,16.345446691480184,0,1,65+,Female,24,20,4,0.8346467884222881,393.12560687280336,83.28224395231301,382.4825911620097,359.5276415764603,87.81465185704154,347.66837354545453,562.4684033827219,159.64980612934565,0.283837821234404,0.1895883764888213,0.1216132515251309,0.3464710180974953,0.1686456343946622,0.8750417097892997,0.0781823533312518,0.6935053318406524,1.0161870386442928,0.1313566020112083,1.075569702979329,1.668458937207969,0.0066595678787353,0.004387801967474,3.481887476187822,1.319265144456073,1.660735392524514,0.9444278024255022,3.1914709779357624,3.836136453857464,0.9221709346695994,25,21,4,0.8361516940470247,401.3116232587396,87.18693209981289,362.9306519290303,357.3730292776089,89.91937608550042,354.46259385756423,543.971182572849,158.6427885482608,0.2916382220799265,0.2105436850333982,0.1206072839205511,0.3828571488850928,0.1695859600638238,0.8649529735139396,0.0736863654709019,0.7285206799174885,1.054687702618995,0.1340691017046961,0.9850438748233472,1.3478895309717736,0.0071467934986731,0.0063646946313589,2.7461030397371653,0.920408145149916,1.857575684729403,1.0676079965791678,3.4956870597837595,4.331553254105721,1.0862605713855782,22,17,5,0.772910921276341,462.3082006351256,95.09911447057765,445.65375002080606,358.9118678238035,102.42831341256915,358.69936028162743,589.9286566964612,170.49386448044285,0.2890075987072584,0.2120037316489505,0.1129486418430419,0.4590885868983465,0.1507848010354568,0.8483202416890625,0.0574090787434846,0.6286637369504662,0.6911361360937623,0.1567004280421289,0.9483289541835505,1.366734751218361,0.0142233880992144,0.005270860333259,3.122595674259639,1.1305648699194593,1.9935306348098285,1.1993454667789023,3.796281904510306,3.5099344169926656,1.1630782390911056,0.0015049056247365,-0.0617358671459471,-0.0632407727706837,8.186016385936227,69.18259376232226,60.99657737638603,-2.1546122988514185,-0.6157737526568212,1.5388385461945973,0.0004872256199378,0.0075638202204791,0.0070765946005413,0.4954168002482575,-0.3262020368647977,-0.8216188371130553,2.2608778864926196,0
S_00181,P_051,1.0.0,2.5,3.5,4.8,900,750,600,mouse,Windows,Safari,2560,1440,2.0,2218,1187,60,37.07509719539149,16.1705348246552,21.44586338980337,43,20.978242599891477,0,0,18-24,Female,23,20,3,0.8510850466923412,415.9985226598339,81.19307018389735,429.54955659801016,331.5937429715019,81.24098125167144,332.75989020430643,494.206523393834,139.03804337049496,0.281335912799547,0.18439621973952,0.1391464227081198,0.3479311943343306,0.1415512151144957,0.9111240983010503,0.0920089771377405,0.623052941562898,0.970905321716358,0.1453796251919418,0.926521004076872,1.5134711781108534,0.0089952113249766,0.0059457384637214,2.054077635384984,1.3264259798339404,1.8658863218587969,1.2896070771182118,3.416091105366534,4.479219866280265,1.5109219982495314,31,27,4,0.8737705057733057,435.3789832650402,84.33377855025424,458.3294742034548,335.4990046501409,80.57948708979013,318.97137277945814,542.6031806242289,157.26592284669783,0.289835976755193,0.1842156609765152,0.1074670994044085,0.4472455750416424,0.1550460722142496,0.8740606865278755,0.0793118714909501,0.6570684896404893,1.0976292131457313,0.1187106033325036,0.8873973539662321,1.365329350894261,0.0105439461120285,0.0060395296858073,2.1078990411272027,1.288703524958057,2.447279195931523,0.6920984600153544,3.373131320898429,3.8475639883837927,1.4481061149118664,31,24,7,0.7843099466099938,423.9693954921633,92.62256513327308,412.7752779069365,365.84971783732425,85.59990022724996,365.7437426553097,563.0246520914407,188.56699170513912,0.3349178246541752,0.2027425352381071,0.1310249583855879,0.4219896135366396,0.185154914534095,0.8385493723789131,0.0823175045877684,0.7176117927444119,0.912971911331826,0.1278004768265777,0.7977022997545579,0.8448519853661325,0.0118382415091924,0.0055235784922786,2.475337711626288,0.9520003346559742,2.4985868437629355,1.1198331620328097,3.2947589687917564,3.4756005638646807,1.1055656097207074,0.0226854590809645,-0.0667751000823474,-0.0894605591633119,19.380460605206338,7.970872832329405,-11.409587772876932,3.905261678638965,34.25597486582234,30.350713187183374,0.0015487347870519,0.0028430301842157,0.0012942953971638,-0.6316558778964723,-1.0036193024155842,-0.3719634245191119,1.9308057942238632,0
S_00182,P_051,1.0.0,2.5,3.5,4.8,900,750,600,mouse,macOS,Chrome,1440,900,1.5,881,764,60,60.0,17.781102189268623,23.76186693063537,8,12.750587045083698,0,0,18-24,Female,23,19,4,0.8337657047708182,408.3484847251928,88.20342647103165,419.91012883001656,361.7568349647557,78.3403841785296,368.2399639090322,509.8276723257811,135.6764661276219,0.2661222085272066,0.1348957353224716,0.1357153144807695,0.3924900416226506,0.2200471488085038,0.9234119577796688,0.0736101473568109,0.8275531811871192,1.1900621247136285,0.1044435910891415,0.7825218824731256,1.235745153113175,0.009781930527122,0.0062988549431438,2.4157108795783264,0.9447272853602572,1.6056386793737236,1.121451460799031,3.1468436948938687,4.179242976424033,0.8522159404013759,24,20,4,0.8279340612809419,408.2513029068208,102.0231431715864,419.2628164102735,369.1231192730916,107.2518153851562,372.8020099454987,521.9545493053499,178.79673014948625,0.3425522976807851,0.1583195646774914,0.1423660535835735,0.4625179355996739,0.1878389020454975,0.7924332494084693,0.0760808165892437,0.6169572201077211,1.001850034182866,0.1504010888931232,0.9604113565481388,1.129944676977137,0.0131764280305877,0.0056052322183806,3.469393776940332,1.2265760848525598,2.06578908437507,0.8880631266975166,3.531043336667272,4.1583410859967085,1.296557757487216,25,19,6,0.7663868870499196,483.72785551647934,114.41525764673118,468.47684090789176,406.5016772260922,83.28219879817802,396.7770447536364,519.8199999591178,186.93748670328736,0.359619650490534,0.216309476974593,0.0889944974866907,0.468474826992221,0.2204362219521485,0.8209230886543971,0.0863337301981328,0.7573850233450934,1.1108986096261582,0.1328530009948484,0.9088416999885772,1.3309587274549743,0.0147257064147112,0.0070815436980382,1.967291902786279,1.0022577610407948,2.138738661915996,0.7770665911024837,2.928986266136404,3.1994227557812085,1.0795824124868736,-0.0058316434898763,-0.0673788177208986,-0.0615471742310222,-0.0971818183720074,75.37937079128653,75.47655260965854,7.366284308335878,44.74484226133649,37.37855795300061,0.0033944975034656,0.0049437758875892,0.0015492783841235,-0.0209018904273241,-0.979820220642824,-0.9589183302155,0.6306495316758313,1
S_00183,P_052,1.0.0,2.5,3.5,4.8,900,750,600,mouse,Windows,Chrome,1366,864,2.0,1016,603,60,60.0,15.356972660730236,17.983360693680734,20,18.72218118044803,0,0,35-44,Female,22,20,2,0.9096187161068788,409.2525264642584,81.82424135027668,426.7124620292086,348.2221863434258,81.50838497303457,366.4207874442764,503.90988220788745,142.9456007026467,0.2836729457980239,0.1346889475086799,0.1029583320295203,0.4384888798207786,0.1941618888990475,0.913934053694218,0.0776926583495644,0.7697872245786094,1.0316245743559695,0.087899642372997,0.9366115725938976,1.1955344337602418,0.0111021045046831,0.0065767236759847,1.8180720360742937,1.1106848120561037,1.4292343296063414,0.8939848338695113,3.119593577157166,5.061665065943559,1.022168961198603,26,22,4,0.8522553764279379,388.3077223178337,91.86875903136742,372.3729699910311,387.95530222850846,77.81774381715901,406.1785170771732,521.1763575446693,181.13830780899028,0.3475566479307634,0.1901929174316033,0.1236065804188824,0.3771938471673771,0.1585609092118864,0.8270767655382124,0.0735754489561836,0.6017863923686908,1.0117057965895482,0.153097088255465,0.9798417499578916,1.102955783806202,0.0107636348705984,0.0073591655033252,2.6803172612797947,1.337003387071048,1.5844668789232936,0.7507629321629712,3.309370698625603,3.5353261237321054,1.3646182259267396,29,23,6,0.7923171316383529,468.4713005510344,95.50826122147356,491.6175960989087,415.7177791325119,86.2074613087015,411.53171396968094,567.3096156393967,182.00976372814804,0.3208296822591497,0.1919093036222856,0.1070080141567617,0.4140997930133013,0.1861842127484651,0.8496299502040348,0.0747863051176642,0.640579790826103,1.143457938799945,0.1123593791742196,0.8208737887333091,1.1585728916391056,0.0114529948998722,0.0065976153996187,3.076469643383693,1.1059117063692718,2.1261178072780016,1.0214380913795795,3.799533508027293,3.806350184634764,0.922843371827724,-0.0573633396789409,-0.1173015844685259,-0.0599382447895849,-20.94480414642476,59.21877408677591,80.16357823320067,39.73311588508267,67.49559278908606,27.762476904003396,-0.0003384696340847,0.0003508903951891,0.0006893600292738,-1.5263389422114533,-1.255314881308795,0.2710240609026582,1.9924379624123791,0
S_00184,P_052,1.0.0,2.5,3.5,4.8,900,750,600,mouse,Windows,Chrome,1440,768,1.25,1217,608,60,56.492780218228376,19.48651308975543,29.762213311649997,29,23.58473540173675,1,0,25-34,Female,24,21,3,0.8875603332309749,378.28463717611487,82.74295627869812,371.5368614036324,306.3862522435958,84.05310688889402,315.0369125252921,461.9511952187499,163.06489820143236,0.352991614458786,0.1396720257542207,0.1240505780042974,0.3958044617094434,0.1334161950066866,0.9277169220567978,0.076293402264679,0.7741793733581409,1.145048450628312,0.1363661448753141,1.032163232814688,1.4747563311890983,0.0091949518943349,0.0049762187925027,1.4899860282850268,1.106801711661723,1.8732245987955705,1.0145295675521924,3.0398865213535338,5.057822883612647,0.95144249710221,26,23,3,0.8838145404612945,379.5106743499366,103.43669197698736,362.2940733409753,345.8029069909351,89.22757075967095,316.71588420307387,544.9545712845148,165.35929785983495,0.3034368488185461,0.2353556748602575,0.1087333502032179,0.4282179045345413,0.1476574662029029,0.84293302771197,0.0703128420725605,0.7263934842820733,1.0159051144112563,0.0899863090486031,1.0343385526278157,1.259780724021264,0.0107512745375004,0.006254012982048,2.205156913422033,0.8710535133873614,2.102638044817292,1.0724453937405003,3.3427964500771115,4.827640073924878,1.010352233476988,28,22,6,0.7772622096999794,410.9026383429455,96.52847190921491,399.3268311732216,406.8540767663547,93.94077372191106,392.2965776311266,535.2548948576492,166.46232720822832,0.3109963660444411,0.1760463303001244,0.0962569307372508,0.3973037371446866,0.2065719626078921,0.8524133335500547,0.0722347165004009,0.7695731681809261,0.8633010839043456,0.1320388732661732,1.0870685155266897,1.4154624395179891,0.0151483936660156,0.0061046913386459,3.213730912895978,1.3307962645318554,1.8860239876766145,0.8002206419615457,3.466683952017938,3.476263980477161,0.987968542396192,-0.0037457927696804,-0.1102981235309955,-0.1065523307613151,1.2260371738217373,32.618001166830595,31.391963993008854,39.41665474733935,100.46782452275892,61.05116977541957,0.0015563226431654,0.0059534417716806,0.0043971191285151,-0.2301828096877685,-1.5815589031354855,-1.3513760934477173,4.192258588665428,0
S_00185,P_052,1.0.0,2.5,3.5,4.8,900,750,600,unknown,macOS,Chrome,1536,1440,1.5,1185,1299,60,48.914781499850285,19.96498892802841,25.63625732717837,14,10.593038986092491,0,0,18-24,Female,30,27,3,0.8881886755137249,361.1722713811712,81.21305603135383,356.11373920330897,360.01430413255054,87.5379913842142,374.64310690201154,523.0892989619161,157.678769470001,0.3014375743929736,0.148599978581911,0.1110382076531853,0.4119611469684049,0.1683373246859115,0.9085104680889534,0.0650686226954889,0.8500565392945096,0.8685423718171226,0.1189532901960168,1.0386921137634526,1.4851336227812098,0.007677071045473,0.0065390103148057,2.115677027859565,0.8367196694805531,1.156463526753563,0.9304130067384224,2.960521771480777,5.276721709356204,1.1628101850523005,31,28,3,0.9053762489252454,397.39113556832217,82.74349716352559,437.55772580078497,344.5169153934122,100.08372913846922,354.45112328337865,505.1434295034035,154.22864556084724,0.3053165428925134,0.1865943016663352,0.1331179594137402,0.3666162129334724,0.1404407460968421,0.904638002191306,0.0810288016092451,0.707445909014761,1.1622958404459305,0.0920956880016558,1.0482036157361023,1.3879678994065023,0.0108494423269647,0.0029826611743474,2.29458795657315,1.2213220005018144,1.6459075777179013,1.1565315475310751,3.5032707510711183,3.951047346324149,1.129070890670957,31,24,7,0.7665536645351311,440.3391832172309,103.14715885918795,452.8684271861396,397.08012160255913,90.11566032256638,404.0484919315073,570.023448747525,166.4076051418392,0.2919311574067272,0.185957689206919,0.1282193865300556,0.440649246016656,0.138313875823388,0.8592184289735832,0.0696321205422925,0.6092642701041108,0.6601420714435076,0.1538645516701021,0.8818244067249201,1.045247691030145,0.0125387308185243,0.0061756048827815,2.4120281010930382,1.2564907892157355,2.527374519570288,1.1748046471651243,3.662658564279544,3.904489807897743,0.9389142621415668,0.0171875734115204,-0.1216350109785938,-0.1388225843901143,36.21886418715098,79.16691183605974,42.94804764890876,-15.49738873913833,37.0658174700086,52.56320620914693,0.0031723712814917,0.0048616597730513,0.0016892884915596,-1.3256743630320549,-1.3722319014584614,-0.0465575384264065,3.583927020306582,0
S_00186,P_053,1.0.0,2.5,3.5,4.8,900,750,600,mouse,macOS,Chrome,1366,1440,1.0,1250,1286,60,56.17593311145706,15.814582669062776,24.276080285202,21,13.832397804430151,0,0,25-34,Male,27,22,5,0.8079367296580089,508.7572004737263,105.6550029137217,524.9346755303313,428.3792016384489,100.1842861610902,420.1119872774033,562.1653146655177,193.93834053285372,0.344984536529517,0.1940644153326627,0.1383230452979185,0.4656132442887741,0.1816912271287335,0.8337766672017047,0.0956845133328477,0.5009537573931351,0.7035911513406337,0.111971389733533,0.9582106730081884,1.340084355548286,0.0128826847636264,0.0075790438305991,3.784687545498316,1.6650250537549007,2.004419030825589,1.4640810823263477,3.386873794102588,3.478109632650288,1.2842362592385164,28,18,10,0.6560429197948086,493.7184460813588,113.62049839950502,475.7091840867104,456.1904072946349,101.17004282529348,433.0799348878136,646.5296654198486,186.29716000292603,0.2881494384050373,0.2820513256072675,0.1250160636846675,0.4477236101414753,0.198517300636321,0.800418083871389,0.0898203880445307,0.6021469013048576,0.8480693527122962,0.1587734730264038,0.7894199952406257,0.7925711712944077,0.0116210500760028,0.0069616591535105,3.445707772718888,1.4230365863587715,3.0747237233524154,1.1871556633623568,3.1216747673415526,2.863746020907792,1.5586319491898344,29,21,8,0.7096020667629973,518.5561483690153,120.12414367023295,512.8006918817548,470.8244730201037,105.41567490664492,475.1760455465407,621.7584991954511,191.42844690871428,0.307882316295508,0.2903288692775641,0.1645856842793934,0.5079309334800997,0.2139829745461549,0.7905849052396116,0.1168985397701603,0.5648708005305871,0.9150431547779596,0.1760990286401862,0.7138932810172901,1.2712998189165323,0.0165123490142292,0.0065174284648855,4.292425914993919,1.6368713014721576,2.27073592258213,1.0175682043240628,3.5384147239059858,1.9757694901103635,1.0371258879582024,-0.1518938098632003,-0.0983346628950115,0.0535591469681887,-15.038754392367537,9.798947895289018,24.837702287656555,27.81120565618602,42.445271381654834,14.634065725468815,-0.0012616346876236,0.0036296642506027,0.0048912989382263,-0.6143636117424962,-1.5023401425399248,-0.8879765307974286,-8.46567173222958,3
S_00187,P_053,1.0.0,2.5,3.5,4.8,900,750,600,touch,Linux,Chrome,1440,1080,1.0,897,918,60,55.411319439447496,14.365280827689505,19.2113979784084,14,23.64517584798036,1,0,35-44,Male,22,17,5,0.7744572629701171,531.3039035907291,97.13183697681072,536.1303857232814,391.4211766564874,101.95317872419274,376.4596933477816,628.113341043215,195.06098302636013,0.3105506128915986,0.2425311455682259,0.1644893016678147,0.4994227188733516,0.2240736942516571,0.8211432197532219,0.0932457781143438,0.581530462639087,0.7912458459951454,0.1191692323783878,0.7110722454220012,1.0955686626755223,0.0144082063729913,0.0075341131641139,4.77326862320964,1.3210017649597925,2.6958682700968253,1.4869562103730232,3.359851568174837,3.7016529676146,1.489253784319451,22,16,6,0.7485440902956606,577.0583189177677,121.5129854003764,589.8417329284259,456.0460652256282,90.81979700341904,437.78459754679966,628.0866631838223,215.10316148531865,0.3424736968540985,0.2415559875532703,0.1133700751237784,0.578111876430269,0.2131171960428294,0.7902526898833371,0.1067053354334512,0.6498111636658761,0.8755185827310346,0.1605105768845452,0.7841861109343873,0.9675405162015722,0.0132135413355364,0.0093066971193192,3.854457303308157,1.3374428553858044,2.606773058568134,1.4432804257091616,3.0236154672312594,3.201507030067331,1.698048499999504,28,20,8,0.7066783432904897,601.1973405483534,129.9023228279125,603.0851206006898,496.81058254022656,125.7068341899327,511.9757294577161,673.2213434595675,216.69370054564172,0.3218758624497709,0.2704064273481111,0.1507880912123922,0.530540949374082,0.2168068690560743,0.7998291682086367,0.1000128591818141,0.4981244698698428,0.6473338949709193,0.1694465747425439,0.744804501706109,0.98889389102376,0.0173083581429803,0.007954826395627,4.692750846490767,1.3771904067974412,2.7390653280826416,1.4559271334966677,3.503493093500133,2.549498570877822,1.4335147625909943,-0.0259131726744564,-0.0677789196796273,-0.0418657470051708,45.7544153270386,69.89343695762432,24.13902163058572,64.62488856914081,105.3894058837392,40.76451731459838,-0.0011946650374549,0.002900151769989,0.0040948168074439,-0.500145937547269,-1.152154396736778,-0.652008459189509,-11.225999572970306,3
S_00188,P_053,1.0.0,2.5,3.5,4.8,900,750,600,mouse,macOS,Chrome,2560,1440,1.0,1964,1207,60,60.0,17.334797764960623,22.777934162145197,0,6.148591941394898,0,0,35-44,Male,23,18,5,0.7844965652223665,529.3824225408871,93.57970522070572,536.2765313729434,435.459648180136,85.47876923747774,414.1554822633017,577.0000135323746,192.49481337409895,0.3336131869315777,0.2362025088662778,0.1427901117246361,0.4573013770523726,0.2049765789648007,0.8554998796439804,0.0830536866623337,0.536493589747906,0.9645979163583408,0.1311387687952267,0.8456065207225647,1.165275889387699,0.0123467886035533,0.0087221832315818,3.470187782032955,1.3869934763952714,2.36498206421465,1.093077342713634,3.0994863961062435,3.337517167398852,1.5432505434624275,23,18,5,0.7759930208748739,512.8776968901623,116.77118017889292,536.6856039109729,466.644274993054,111.69559424016929,439.8082668247703,643.9939758774647,197.9354208108911,0.3073560129831914,0.26257661300319,0.1333196815764127,0.4778092456567049,0.2045509738348159,0.8446238253121808,0.08435915157412,0.5185534343059782,0.7969380036908202,0.172186480145402,0.7416050086647711,1.192167701580561,0.015836186033464,0.0084922552036777,3.8855725645472607,1.4402391522610514,3.146583845791342,1.1968498254274254,3.461053192942281,3.837722087134362,1.4190592384736254,22,15,7,0.6600776726238125,546.8668751100765,122.79392808960816,540.1950871074164,511.972349268014,113.01479838364514,515.9016438690217,601.7227019008654,225.48346332137368,0.3747298591345526,0.261232580721662,0.11571307483923,0.5149395584952274,0.1859211079813445,0.7759334444871767,0.092979854866369,0.4803976167677116,0.6718827164929488,0.1593534735216183,0.6996104052381601,0.898407327668426,0.0146994401734837,0.0063970950684202,4.306889103526302,1.4985187127449051,3.2303113225943543,1.5711097046166558,3.585598752088265,2.817679028041068,1.4048196173733694,-0.0085035443474926,-0.1244188925985541,-0.1159153482510614,-16.504725650724822,17.484452569189443,33.989178219914265,31.18462681291794,76.51270108787799,45.328074274960045,0.0034893974299107,0.0023526515699304,-0.0011367458599802,0.5002049197355101,-0.519838139357784,-1.020043059093294,-9.220151506597226,3
S_00189,P_054,1.0.0,2.5,3.5,4.8,900,750,600,mouse,Windows,Safari,1440,1080,1.5,904,673,60,54.84352595070835,19.350271807170632,23.4724169403427,41,29.58014628139253,0,1,45-54,Female,25,19,6,0.7740271919205403,423.9992429418918,90.27694170107036,454.73712319115134,370.043512724019,78.01738018753773,362.2544914868976,521.53840985141,192.46178346439743,0.3690270550144737,0.1809671472263932,0.1326683055689591,0.4217288152904853,0.151595116472927,0.8698150195340473,0.0895643745327824,0.7138575693147071,0.928665440775363,0.0949253579038159,0.9748096999306538,1.387732687750177,0.0116711643049924,0.0059289118168721,2.06836689135091,1.3473568390366912,1.8987691765313357,1.3087903564960368,3.2043099548669627,4.023862762052776,1.1930417725959113,31,24,7,0.7770386744426948,453.7340590679572,90.66698965490784,457.1704910499466,428.92730769377823,100.96526191066502,425.2308523969824,608.4599047387602,162.67191871150175,0.2673502681846296,0.2538995177608028,0.1148504298909406,0.5062351373495458,0.2240485411977282,0.814844683500853,0.0967011615524857,0.6395626220088252,0.8214064071306568,0.1465532426454349,0.8291435260564907,1.2544430892439324,0.0101948563007671,0.0063801032913685,3.516261840110792,1.317908389507843,1.9735745298690368,1.1387358239835983,3.109027963699265,3.386174898800489,1.065913092739962,27,21,6,0.7625982534599456,499.1264095719415,110.51157175707836,499.537147805598,403.07408762475296,112.72912758940878,411.4476090783649,601.6175638450418,189.7637903842952,0.3154226235874531,0.2399505837038959,0.1119507405377965,0.502301275310882,0.2116260385588539,0.8369357412867247,0.0836064933808041,0.5910018167262748,1.179655230789422,0.1326279893468958,0.9203836674097332,1.3203014006212266,0.0131522418609454,0.0063881869518407,3.1060306871302124,1.326015911070402,2.422559351841401,1.5659842464010487,3.644623332262564,3.368335143513344,1.2167874418124582,0.0030114825221545,-0.0114289384605946,-0.0144404209827492,29.73481612606537,75.12716663004966,45.39235050398429,58.88379496975921,33.03057490073394,-25.85322006902527,-0.0014763080042252,0.001481077555953,0.0029573855601782,-0.6376878632522867,-0.6555276185394319,-0.0178397552871452,-2.755523976152861,2
S_00190,P_054,1.0.0,2.5,3.5,4.8,900,750,600,mouse,macOS,Firefox,1366,1080,1.25,933,761,60,59.2408687527215,19.67016003600141,23.51352005812705,5,16.44519134590062,0,0,35-44,Female,22,20,2,0.8864672690951421,430.6247137033504,84.16008622799268,405.3080169008956,351.4674181483029,81.92750879600769,335.29591213253786,490.9194997834743,162.7009748977358,0.3314208846246623,0.1613369115945962,0.1675804523585676,0.4836511076011382,0.1749909164209363,0.8946035393955097,0.0786498660753074,0.6937870813809108,0.9581428612736148,0.1163837073452181,0.857574601231426,1.2470280994662646,0.0096561342961977,0.0061719872591169,2.470843650632563,1.0998894878009635,1.992366419324392,1.085594901114186,3.4094070949903537,4.484596629182838,1.0493270376002348,23,18,5,0.7668868433259718,488.1792053672716,96.79290917505418,455.41236695538527,357.3035049181388,80.9371313589544,352.913505406167,549.6780561210013,174.97047365380462,0.3183144600833186,0.1975101281395105,0.1046333928311395,0.3878307982769789,0.182858747182681,0.8345545559195314,0.0648278050474463,0.6621854658779189,0.9638645441173248,0.1689509207947931,1.002569470979429,1.5675521090487912,0.0119000661362813,0.006226640521427,3.7441668876807928,0.9073862377181944,1.7859243063234091,0.9119320664560224,3.4540335532037485,3.608869346427392,1.1934824615089952,24,19,5,0.786294733056223,488.7208940226719,109.15965239959444,465.6460994731829,402.4062168530039,102.31955769579942,411.2448082797588,536.0215147648033,212.7692338063045,0.3969415927262991,0.2021512283273594,0.130021977588725,0.472922756084559,0.2006953539364127,0.7942423829535176,0.0875099379502954,0.637315455480571,0.8153263612650825,0.1405793858144594,0.9655952748445338,1.4252813524432948,0.0123676884179584,0.004720679338414,2.6424329229737,1.3225633924816051,1.7725706735453648,0.955337122723643,3.886160819106985,3.620287505047056,1.1903054009717555,-0.1195804257691702,-0.100172536038919,0.0194078897302512,57.55449166392111,58.09618031932144,0.5416886554003213,5.836086769835902,50.93879870470101,45.10271193486511,0.0022439318400835,0.0027115541217607,0.0004676222816771,-0.8757272827554465,-0.8643091241357825,0.0114181586196639,0.20670545416658806,1
S_00191,P_054,1.0.0,2.5,3.5,4.8,900,750,600,mouse,Windows,Chrome,1440,900,1.5,869,736,60,55.71566618812259,17.215360369373304,24.38275495694159,73,20.535126024475183,1,0,65+,Male,23,18,5,0.7982462242414771,503.1307209668572,95.31187793768106,498.8793832486184,408.86048987777633,79.8221466242037,418.9368598469291,541.4170338036117,188.343304812687,0.3478710366563841,0.2199432079947624,0.1480939280302196,0.4422224029128322,0.2162899954400715,0.8613991943535173,0.0926289804669629,0.7038075460238196,1.169425954125097,0.1325721089948411,0.8731242811013623,1.4323855855196173,0.0133776389366715,0.0061415555419335,2.6074375312810125,1.5807929000979992,1.6299468050833297,0.7691792194402521,3.174755732778693,3.8148623460318967,1.0287466802070029,31,24,7,0.7752194162125376,467.0861047080761,118.1170137765817,460.63968655796646,429.89163227501047,84.02973636523649,447.469734024417,589.3486930889067,208.59681585616235,0.3539446482232112,0.1953491854502688,0.1345661336165033,0.4243443140320658,0.1773261487021846,0.8423143253464477,0.0809231882096112,0.5579294020956055,0.6485792792218552,0.1059784386971928,0.8948678627926329,1.3345050166073036,0.0132586902234688,0.0056757542364586,3.6518315402563912,1.4583417403669483,2.2746533391554413,1.0563737564967328,3.222632679644605,3.4862650874017462,1.4303266759462825,23,17,6,0.7439610120219387,505.4905414687061,114.35827203743372,522.0119922115325,450.6231950926788,97.23258313326818,442.3401283573467,709.9640283827982,188.62376402995133,0.2656807337966272,0.2986039672144771,0.1415113104421372,0.4635084323750968,0.1757894773517893,0.8529512111272514,0.0907791871902698,0.5538979544457975,0.779482681120649,0.1687141162406567,0.8198965493026994,1.2217814212438247,0.0166702764136291,0.0054569593697612,3.835303155132283,1.3024064859283506,2.3687514133443277,1.302174338706571,3.2647861547972936,2.0987567701748,1.2214194573629051,-0.0230268080289394,-0.0542852122195384,-0.031258404190599,-36.04461625878116,2.359820501848901,38.40443676063006,21.03114239723413,41.76270521490244,20.731562817668305,-0.0001189487132026,0.0032926374769576,0.0034115861901603,-0.3285972586301504,-1.716105575857097,-1.387508317226947,-4.776567024121094,2
S_00192,P_054,1.0.0,2.5,3.5,4.8,900,750,600,unknown,Linux,Safari,1536,900,1.25,1189,834,60,55.0982286153589,19.784124986131133,31.09195529775175,52,16.120276431300873,0,0,18-24,Male,24,21,3,0.8547335140027874,431.0856095493435,97.69108288602386,442.7204659288238,370.080805172706,79.49023849622074,379.18479392477104,529.277126073007,157.94919105531483,0.2984243665076275,0.1754506556786529,0.1010923819829461,0.4930015197067913,0.1770730641620253,0.8759728269308588,0.0659524419508117,0.7395451645394288,1.0096044425978503,0.1182068321680079,0.884118509920971,1.364529988585879,0.0062787891595338,0.0055300228126164,2.800317770887391,1.2447210140188518,2.7287016647662874,0.9856137286092024,3.348534048809248,4.561992553669711,1.2537245355670934,30,22,8,0.7461137244188374,483.88847614738665,112.70236330250684,475.69902971444986,421.6086898883716,114.5693055925089,411.56019847568416,523.1886572634891,178.0791537524497,0.3403727341565152,0.2360307884101887,0.1221087272075502,0.4973398138974098,0.1857455850667426,0.8520604638791709,0.0800347511098167,0.6496395249100116,0.9251332162423566,0.1069134844981761,0.853666854386772,1.018685641358756,0.0112977693915685,0.0055590523816603,3.492679776422098,1.4755232176822073,2.325196321962806,0.7996025764558619,3.305279783417969,3.096395229259085,1.1310384148061643,25,19,6,0.7466709870153239,522.8555771524092,111.5249197521276,503.97850369219856,430.8348545483978,100.16524703452184,420.3509284320049,626.2374710724598,185.8506667950272,0.2967734691390306,0.2408061297111671,0.1211980555397779,0.4165108019870089,0.1958864528687769,0.786683071824424,0.0868244036065928,0.5238973927858976,0.6875373435434087,0.1468123469917968,0.9276991187892416,1.1976718597913525,0.0119359758722379,0.0067185612333191,3.3291618704343264,1.4289553423949728,2.0995440909134024,1.0953031991267843,3.854435019509078,2.9921649027201083,1.181141984153923,-0.10861978958395,-0.1080625269874635,0.0005572625964864,52.80286659804318,91.76996760306572,38.96710100502253,51.52788471566561,60.75404937569181,9.2261646600262,0.0050189802320346,0.0056571867127041,0.0006382064806694,-1.4655973244106262,-1.5698276509496027,-0.1042303265389765,-2.5640443325178204,2
S_00193,P_054,1.0.0,2.5,3.5,4.8,900,750,600,mouse,macOS,Chrome,1366,900,1.25,1077,744,60,57.124693428982965,18.73061256524964,21.002557734982435,0,13.410468565155435,0,1,55-64,Male,22,18,4,0.8042101967786736,489.39210788357616,107.9918865592781,462.63272020050255,403.11037363343416,92.13894552975472,408.8053873168126,505.68202841809904,166.85466622312313,0.3299596522049372,0.2042946931505313,0.132508779568676,0.467328791019113,0.1656151601292035,0.8543125761682028,0.1072970078999701,0.6909854355057746,1.0149282510113011,0.1425122731177839,0.8509266418954227,0.9378161041319156,0.0121555554473514,0.004286502964577,2.984229551561584,1.346254418272875,2.033308509811249,1.5445163041570522,3.473651417765009,4.060625714476842,1.0714406772191494,24,19,5,0.7929015288634427,464.54638535817713,103.611048099037,450.1677625551051,402.0943308261556,98.003710684316,398.2966142999937,542.2166669894353,178.9725764966321,0.3300757564136611,0.1995386869251374,0.1520719859314685,0.4401555884673518,0.2005346996999619,0.8061489452061269,0.0760149439772539,0.5521114370721294,0.7673624186065198,0.1503062580167433,0.8720397425767434,0.9562044728201992,0.0124169034856889,0.0059843591711566,3.5681232937147973,1.2934589899574889,2.3232163387478075,0.961249904429394,3.578697156438575,2.8898888095583537,1.1502795935716716,22,16,6,0.7201604082969207,514.6118652966217,105.43782494701207,541.7871183427927,428.9417286211666,97.40437151492408,408.79103350861016,692.8109215442671,198.66209404306656,0.2867479248165591,0.2165528076200187,0.1494595077315815,0.4625649564951312,0.1837152045454408,0.7885750703503331,0.0823442562066274,0.552469484956126,0.6448492510366142,0.1490583523841389,0.8769029692637699,1.2218694282076463,0.0144978333239665,0.0045026831505154,4.061565360016232,1.2098822781407177,2.930656206743662,1.1410946529695454,3.399691985643201,2.2599152492470616,1.5364665857442177,-0.0113086679152308,-0.0840497884817528,-0.0727411205665219,-24.845722525399022,25.2197574130455,50.065479938444525,-1.016042807278552,25.831354987732425,26.847397795010977,0.0002613480383374,0.0023422778766151,0.0020809298382776,-1.1707369049184884,-1.8007104652297805,-0.6299735603112921,-4.642773745859356,2
S_00194,P_055,1.0.0,2.5,3.5,4.8,900,750,600,mouse,Windows,Edge,2560,864,1.0,1685,667,60,52.60712371126586,16.05980658515059,20.54823019869765,31,21.68200345272566,1,0,18-24,Male,28,25,3,0.8805007585990753,448.2789831528533,88.11435198183116,449.15437356000126,364.49622170844367,90.9406152838697,363.77835593888494,510.730615529965,163.9480678814959,0.3210069318272088,0.1968617349422114,0.1049636503213753,0.4396944250241629,0.1535184191643743,0.8944733052317159,0.0878178486514251,0.7610958274314463,0.8771042546583953,0.14776111566374,0.9900441990127148,1.3127093919315311,0.0099442430791587,0.0051694579978805,2.239898958970384,1.1006739469795028,1.5505693344643854,1.3573351048737052,2.974692211509659,4.052720108005604,1.2035463771883474,28,23,5,0.8058015645468194,470.4084585222071,106.11724308330284,477.0972909587572,394.2081953604787,90.6883403312385,378.5778882654765,630.2255100401479,157.91005441313754,0.2505611910299823,0.1650161047790298,0.1364747124677913,0.480295348701893,0.2242316273523799,0.8631196853932168,0.0965038501305775,0.7326347122941719,1.158408044889876,0.1547152912906738,0.8047849251568989,1.1535306467811457,0.0121592660373298,0.0061547944211769,3.0029804549198564,1.5643664236116896,1.8802525220787636,1.198001080728912,3.3674662437318847,3.340470354435056,0.976700383417545,28,21,7,0.752243898486844,490.4951229272067,100.13982110389124,518.6366997937475,429.8114004836523,99.84701408616182,438.3757221458605,555.7888053557482,188.6404333642092,0.3394102787721041,0.2396380513459015,0.1184924213989838,0.4371283723559275,0.1839295819867011,0.836472827713936,0.0829487164561475,0.6120528527650709,0.82297257795169,0.1356988048761188,0.7889367754181855,0.8896586654053982,0.0151210468633218,0.0067170582304183,3.37921757376054,1.3100373642295866,2.45516084605274,0.8912813501045971,3.4352106506060047,2.982633653584556,1.5149042106868325,-0.0746991940522558,-0.1282568601122312,-0.0535576660599753,22.129475369353827,42.216139774353394,20.086664404999567,29.711973652035056,65.31517877520861,35.60320512317355,0.0022150229581711,0.005176803784163,0.0029617808259919,-0.7122497535705481,-1.0700864544210489,-0.3578367008505005,-1.7412963142688749,1
S_00195,P_055,1.0.0,2.5,3.5,4.8,900,750,600,pen,iOS,Chrome,1440,1440,1.25,1269,1159,60,48.09737846217498,16.98735120638283,24.821935053329028,16,18.256043528245403,0,0,18-24,Prefer not to say,31,26,5,0.8526819209376362,425.0895363347101,101.14510260838998,404.7788930252208,368.30494977119537,88.72604000258387,373.73548307787615,552.7071774472421,145.3189249585619,0.2629220876590355,0.2223763605054487,0.14710614813314,0.3926450951389179,0.1685260733685618,0.8819653109630332,0.0787707104024515,0.7100042059217805,0.9168766442798476,0.1548026780409766,0.9290492750962136,1.6421325447475257,0.0113346572335267,0.0048659178056806,3.585324134139441,1.462800219759858,2.021705359488681,1.1616250128290018,3.021642985307422,3.398824348704211,1.126035865464113,24,20,4,0.8419604024132917,466.8120497174416,111.8265934185609,446.9937379695588,391.1016706125039,102.192632522048,372.8305259822472,551.959738208538,172.02319875075926,0.3116589614109979,0.207268674064528,0.0760682863240691,0.4550258428044262,0.1987152025402717,0.8524305575104467,0.0855999656429014,0.6506004097057229,0.6609577829112061,0.1695583380966427,0.8727197662890022,1.130054247159476,0.0136676184555352,0.0071940226123899,3.0999518431404525,1.396938373405674,1.7411645712572423,1.0161194467854069,3.514217616418588,3.4333563506263443,0.9825483258402536,30,22,8,0.7462590025717505,505.9086311317269,95.3280019413706,544.1492826877363,437.8141350255722,92.2587213657922,445.1340193597465,511.1528653280502,206.97352238931495,0.4049151172350027,0.2360664287993138,0.1305103337595944,0.480316538282837,0.1431031997979457,0.7970370159139787,0.0776359503348257,0.5743370899288813,0.7917557039713368,0.1576304369321514,0.927918467744986,1.0558878636888809,0.0132573912076598,0.0069268658228525,2.949092232761414,1.204497874032179,2.473626706610592,1.0345400934852194,3.585129664084909,3.2115003387892624,1.0855189406396797,-0.0107215185243444,-0.1064229183658856,-0.0957013998415412,41.72251338273151,80.81909479701682,39.09658141428531,22.796720841308517,69.50918525437686,46.712464413068346,0.0023329612220084,0.001922733974133,-0.0004102272478754,0.0345320019221331,-0.1873240099149486,-0.2218560118370818,-2.098203503505311,1
S_00196,P_055,1.0.0,2.5,3.5,4.8,900,750,600,mouse,iOS,Chrome,1440,768,1.5,941,513,60,57.91027912422632,16.159813864071978,19.9769174312381,39,17.315108658472088,0,1,25-34,Female,29,22,7,0.769748317079894,427.3496497983174,102.04977358838694,428.957747242957,389.9008574598121,95.58549071450582,388.26031781227766,556.5388891103282,150.36855986627688,0.2701851798832118,0.1695445997968263,0.1212624342343643,0.4180110554933827,0.200655117830639,0.8211191989955418,0.0831639000007353,0.63026224964271,0.8755036160989157,0.143250287114366,0.8507871771547565,1.1006633765606908,0.0133938204116922,0.0064435174044629,3.7021372121278553,1.2876845687128833,2.1768941475234427,1.086783044450969,3.234682791294849,3.538522506861799,1.228952760013177,26,21,5,0.811134872359677,516.0343003236399,112.0814076790439,536.1632589010524,391.7573553513721,98.85040812612604,382.5085002459009,564.0077603149874,172.9894784387884,0.3067147131844022,0.2487833628437222,0.148988535195248,0.5002816041422358,0.1864420006915107,0.8226930854634201,0.0971244069767192,0.5957796995465039,0.7724768560194594,0.1290070731324709,0.8078543309243528,1.2891168636431545,0.0104626029009256,0.0073926025613526,3.0911975616076752,1.310649939644364,2.3179013723191755,1.0703835396238524,3.27693085551268,3.169944798230963,1.1288187378601044,22,16,6,0.708561931043906,519.4642982499022,106.67827915127096,525.5834555668624,431.236330018167,111.43115411938612,440.2795190558181,536.3588991427507,200.7278719571048,0.3742417106864885,0.2399186862388587,0.1235552375240292,0.5204886873187814,0.1406006097992129,0.8318183785091349,0.0981822785345625,0.536513329399558,0.7324192167975978,0.173758740889429,0.8398301099879933,1.0947478313522592,0.0119419350552211,0.0088772428142107,4.084934685080356,1.384080624260623,2.660507621276396,1.2387959196506189,3.595159492906752,2.103241037954594,1.1619017170465158,0.0413865552797829,-0.061186386035988,-0.102572941315771,88.68465052532247,92.1146484515848,3.429997926262331,1.856497891560025,41.33547255835492,39.4789746667949,-0.0029312175107666,-0.001451885356471,0.0014793321542955,-0.3685777086308359,-1.435281468907205,-1.0667037602763694,-5.154985905037114,2
S_00197,P_055,1.0.0,2.5,3.5,4.8,900,750,600,touch,Windows,Chrome,2560,900,1.25,2363,854,60,48.25428807218312,17.18869025293312,25.68506709295424,9,28.68794051736694,0,0,25-34,Female,23,19,4,0.8324828569427062,453.6842458435848,92.51674241071728,443.7121164491327,382.2738231086989,82.3672079164692,385.4717999370611,577.9260518194736,153.40850336751936,0.2654465962981704,0.2017079406510671,0.1305730879789998,0.4205389089926714,0.1858145591260876,0.8310439355241106,0.0869372033750121,0.5850369393626219,0.9637294054293568,0.1298421544061937,0.8515650297057631,1.375648928914231,0.0096203870203506,0.0058363972375085,2.2771574355280557,1.5787172895353307,2.6538997806498976,0.7528932258631696,3.0776341339075004,3.803935044841782,1.1102579009502835,30,23,7,0.779130952053479,476.1048600578749,105.1012163148652,490.5193424671841,411.1367994553593,86.74362176347744,416.0790944477382,512.4177107043431,174.6929792783846,0.3409190893075506,0.2040676526421568,0.1505531900016507,0.459585403564167,0.1941316675289538,0.8380285551297401,0.0645497129893799,0.5234262755239064,0.7351849595182098,0.1492528026303536,0.8451514221752043,1.0655425759351869,0.0120076906076391,0.0062569946092994,3.5604573998936626,1.4614200250419365,2.106015713378848,1.0776271707317393,3.3614298929288617,3.568125829718202,1.435501735120148,25,19,6,0.7577327463639616,482.84273165954255,104.9394108370331,514.880097914713,439.0097372506692,109.05283278562167,469.6743585676264,612.5940300328732,206.2243573586358,0.3366411477231819,0.2510671562270851,0.1077643804661845,0.5091568049265225,0.1918676928145855,0.8174983480780141,0.0845822225249684,0.601325456885263,0.9844337528901564,0.1560011617848292,0.840479322288382,1.3779446265769004,0.0138083150394731,0.005458683977926,3.8472733500031113,1.6037915507906502,2.904675125517207,1.2306095747673562,3.1323763623862373,2.704958836865255,1.0999219483527611,-0.0533519048892271,-0.0747501105787445,-0.0213982056895174,22.42061421429014,29.15848581595776,6.737871601667621,28.86297634666039,56.73591414197023,27.87293779530984,0.0023873035872885,0.0041879280191225,0.0018006244318339,-0.23580921512358,-1.098976207976527,-0.8631669928529471,-3.6769354500400078,2
S_00198,P_055,1.0.0,2.5,3.5,4.8,900,750,600,mouse,Windows,Firefox,1366,864,1.25,866,577,60,60.0,15.44619737305311,23.981811509988475,14,24.94582560094475,0,0,65+,Female,26,21,5,0.8106558563601994,442.0379279231185,87.54996930996553,426.4737807517935,367.33946054811565,97.80933327264415,354.51693752472863,527.3498445337045,167.33235046895172,0.3173080493024721,0.1843004871587139,0.1400975510318548,0.4325320829135636,0.18083349785126,0.8671489165747279,0.0687693979280988,0.6594751432528847,0.9874285796696104,0.1319441987319387,0.970700403967164,1.2641056907880477,0.0102293750441821,0.0053418365523596,2.759110928015546,1.6850096362600269,2.1122407877238185,0.9517660902907208,3.0490787092899403,3.2969976726633567,1.0443142980392672,22,18,4,0.8087766875736465,460.8735390490969,92.92618157821708,473.59629580961047,414.6516160339081,94.0231398476331,422.1780690044294,556.1641848823783,211.9755802282479,0.3811384946930339,0.2361671281741858,0.1585556177201122,0.4038031038845392,0.1861610655699765,0.8293295513269093,0.0900299575216961,0.6862578994157487,0.9754290449661532,0.1237337102735261,0.8278135107066168,1.270899140626545,0.0131984208724856,0.0066001079287731,3.2133252571908644,1.301855618420863,2.290306745492052,1.2120655284847273,3.4145248560854795,3.504738328540625,1.1615159208512644,31,22,9,0.7051909629914944,484.5236296468522,113.14320576178255,495.21666294277065,446.64067739337,102.46250276240112,436.805534292148,622.0513359412065,207.9312822166177,0.3342670776552602,0.2268473515600355,0.1373611001362961,0.5031028619398816,0.1581565771387266,0.8434592022609042,0.1072510860244984,0.6396319702180293,0.9863376616736284,0.1693582830759057,0.8104441104483525,1.1439185787580748,0.0152049184557123,0.0054859383614693,3.0651221241833864,1.2123652735186534,2.652453730636536,0.8956861017955249,3.4501875899623964,2.9671469652632263,1.0170929476551964,-0.0018791687865529,-0.105464893368705,-0.1035857245821521,18.835611125978403,42.48570172373377,23.65009059775537,47.31215548579246,79.30121684525432,31.989061359461857,0.0029690458283035,0.0049755434115301,0.0020064975832266,0.2077406558772687,-0.3298507074001304,-0.5375913632773992,-3.1320737734759616,2
S_00199,P_056,1.0.0,2.5,3.5,4.8,900,750,600,touch,macOS,Chrome,1366,900,1.25,1292,714,60,58.04786197421569,15.218781750025624,22.343955764578197,10,17.729499578578356,1,0,35-44,Female,26,21,5,0.8107265836636744,471.6659824289241,109.64065048145642,454.7301098860596,406.3078285534575,99.67983518811688,402.9421556873223,596.1184765316434,190.91259352307569,0.3202594803533851,0.2278425850031827,0.1421966400253385,0.494951683760495,0.2272135183392877,0.8314515164964068,0.0924702070039319,0.5116597735437731,0.8316915392475187,0.1694387480740808,0.8071073513317745,1.1771227750069786,0.0121673460524636,0.0068649236035639,3.567042393946479,1.2929154576823976,2.353826832786857,1.0064127884947898,3.288361487877452,3.60537144566172,1.2226372865082271,23,17,6,0.7471256256821609,547.526568910702,104.96009975165028,538.0008944292238,423.0927465286239,107.50446582255736,410.6450793285806,644.3987116127976,212.79755077867705,0.3302265304753458,0.2413134948247736,0.1697353305820602,0.5366781916672037,0.1825353492711053,0.8064706423415428,0.0775311911792265,0.6231516200410567,0.6921277479544556,0.1213795497391814,0.7183005295933614,0.8075537280146968,0.0141058766996176,0.0061642771820538,3.0380607144063254,1.44138930146692,2.6095435222540004,0.813366354618746,3.212944823979422,3.135514540377476,1.2337994830954828,27,19,8,0.6864628865438692,581.2113641147891,133.8605566129863,585.9108414045162,439.4592615831946,107.31389383060764,437.1277443421604,637.3762423050441,216.2926641849625,0.3393484881123734,0.3043027798271174,0.110713979407189,0.4973404030865767,0.2357992600960255,0.7752944939714902,0.1003831333301419,0.5606394486722012,0.9590650314898574,0.211643191431986,0.7774331067530594,0.8655586389400738,0.0142870288904833,0.0094348726940333,3.4764947554538503,1.549125279326069,2.0960571464994304,0.917077537738064,3.617040592209987,2.6822244256834398,1.2308567003077242,-0.0636009579815135,-0.1242636971198052,-0.0606627391382916,75.86058648177794,109.54538168586504,33.684795204087095,16.784917975166366,33.15143302973712,16.366515054570755,0.001938530647154,0.0021196828380197,0.0001811521908656,-0.4698569052842449,-0.923147019978281,-0.453290114694036,-8.434163836297598,3
S_00200,P_056,1.0.0,2.5,3.5,4.8,900,750,600,mouse,iOS,Chrome,1536,900,2.0,998,775,60,55.15094569755142,16.85865261974925,23.206630669686515,28,21.02876089292465,0,0,45-54,Female,28,23,5,0.8199103129874525,452.8052914487944,94.7101666430052,442.6098949090813,425.449171501072,77.24635965081256,405.76843664064046,602.8689313733895,175.62378031747156,0.2913133704159955,0.2004596731628021,0.1446580060710242,0.4344817133535137,0.193295436687708,0.8252254553412584,0.0710094389726371,0.7492179833887285,1.006787009597723,0.1409231175066887,0.8636020190490318,1.089435916126898,0.0112243405440192,0.0069336555483004,3.111071487011664,1.218052825327518,2.365080065133249,1.1640429665234393,3.258936165761554,3.897074915001724,1.2007914413050704,22,18,4,0.8084198970349179,470.9476310371962,89.43561455752577,462.614550506334,406.32400654745777,89.12092717630897,395.7011503423488,581.056449285033,165.6835419505034,0.285141903431879,0.2619729280101531,0.1046356117986934,0.4690983224031998,0.1590638015896976,0.8361391590470825,0.0820135815412164,0.6435663924199028,0.8914800260630977,0.1758614926667779,0.8056733403485182,0.9149916869266306,0.0132412077882044,0.0065899093738728,2.702022845481467,1.157417315649272,2.180093693523089,1.4374467062299572,3.426116869935497,3.1686019238173246,1.2970004876306465,30,19,11,0.6453625237715548,513.2253584812241,115.8326315753876,510.7447138852921,436.823885526871,105.63326977760856,432.76658347032674,618.5958596107064,213.95206216883315,0.3458672715712599,0.2542480478277149,0.1470741464952349,0.5477053178201853,0.2133994637459427,0.8327451632976575,0.0817055248811189,0.4819819580111569,0.7151482631258481,0.1607374098530937,0.8969123052340479,1.077405640335522,0.0144066152679742,0.0072476462203749,3.7977677996261927,1.3341874414186747,2.754803963127939,1.3421895543322058,3.7143618206833993,2.809791753404411,1.103993165110626,-0.0114904159525346,-0.1745477892158977,-0.1630573732633631,18.142339588401853,60.42006703242976,42.2777274440279,-19.125164953614217,11.374714025798994,30.49987897941321,0.0020168672441851,0.0031822747239549,0.0011654074797697,-0.7284729911843995,-1.087283161597313,-0.3588101704129136,-4.922688811439584,2
S_00201,P_056,1.0.0,2.5,3.5,4.8,900,750,600,mouse,macOS,Chrome,1366,1440,1.0,1042,907,60,58.42695427986543,14.62175833784891,21.542422999928085,0,13.946118008694402,0,0,35-44,Male,31,27,4,0.8645737582488595,437.69083606063975,103.20333278652195,435.4227177772771,397.9645479440136,72.0527323467583,392.4539196654716,518.8370533521708,150.94290004564743,0.2909254438757133,0.2108273413297025,0.1428866351319264,0.3700154723160259,0.1994147992007293,0.8842256311865186,0.0753217281806234,0.6378152566742415,0.6969462297224327,0.1183542485496607,0.9120514398465402,1.3816009569003171,0.0109145591961908,0.0051953362094156,2.8742207572819387,1.2002397810632175,1.647174298260667,0.7203851999535245,3.2937205002538263,4.156365373011824,1.2218020029501362,31,25,6,0.8063681685887721,424.9305558065189,90.65978075238496,424.4245728102938,397.7330552188436,80.01141143024512,410.4235917904752,543.9734669730868,190.2064458644544,0.3496612563161373,0.1893952746842756,0.1279163921503016,0.4555715522078224,0.1801110499799305,0.8537030710215886,0.0691032752015625,0.6167910940943023,1.0389142769905697,0.1672001845343521,0.953480019697383,1.46853884819043,0.0089716223653803,0.0053065484394264,2.894230399432756,1.734177250226808,2.013696970008068,1.1872675086326347,3.3767558042382277,3.764769581949934,1.1347570551774184,30,21,9,0.7078347878189355,424.58556164606216,117.0071831034858,433.8330284399252,383.84373071297887,104.74564276578344,378.8182578041505,616.4384471378479,208.9644003977756,0.3389866439512443,0.2118776023560076,0.1076052523610331,0.4632486749368758,0.2015376901755032,0.7734898903821523,0.0838345066081125,0.6551865452464334,1.0120893188886102,0.1676761181911467,0.9278856039451878,0.9899630099225424,0.0157706916837984,0.0065856492782933,3.8805315359752015,1.0161219695613253,1.827474108983406,1.395562185709128,3.3450217248070726,3.0393292540724293,1.2174048447773735,-0.0582055896600873,-0.156738970429924,-0.0985333807698366,-12.760280254120914,-13.105274414577591,-0.3449941604566788,-0.2314927251700282,-14.12081723103472,-13.889324505864693,-0.0019429368308104,0.0048561324876075,0.006799069318418,-0.3915957910618903,-1.117036118939395,-0.7254403278775046,-1.1944819125106976,1
S_00202,P_056,1.0.0,2.5,3.5,4.8,900,750,600,mouse,Windows,Chrome,1536,864,1.5,1188,764,60,58.61278028200067,19.537369683306704,20.998596520987565,0,24.206493819563093,0,0,18-24,Female,23,21,2,0.8971422866445828,413.2083962244009,68.9513912082067,419.4435102285897,370.374010244424,85.54470406218591,381.49127769155535,572.8180050806163,145.96490090934287,0.2548189819710718,0.2023851876095695,0.1416824360205651,0.4473202245380668,0.1986559891799427,0.8856156596194129,0.0849922146542811,0.6470226746600203,0.955387127295004,0.140920448415664,0.9677120531681914,1.0608531391846197,0.0106160150853155,0.0053802878957471,3.136345258864659,1.4344730709017952,1.940504287238482,0.9209948310839952,3.2895445302389144,3.818707709617775,1.3808184267941774,27,22,5,0.8196054652401681,476.5558061414754,115.0611609211733,472.9450017827784,391.4706504343925,89.16252597388115,399.91266918380586,566.0598680018336,185.6311449900022,0.3279355338248443,0.183066546705418,0.1199346051120709,0.4622117777452704,0.2017856490466419,0.8421118594632672,0.0869016431699955,0.5724213849967756,0.7130069764754726,0.1396958869177427,0.9111729597461784,1.2958684535734577,0.0108180757864993,0.006209094189623,3.756694665370572,1.397982883153555,2.1540681785786853,0.8616810751317526,3.212994332428989,3.507649147347236,1.208240492265683,30,22,8,0.7491510371341681,513.2390105999932,105.69467093356266,520.9055840908819,470.6943058884979,98.31351088994664,486.1947502320727,541.7276974267253,189.7870094406225,0.3503365442493243,0.254769361908473,0.1173941698766003,0.5247516835851462,0.1887674927606531,0.8320214758397985,0.0768793505064364,0.5562366689503134,0.8171621533499102,0.1669642169903221,0.821907374703262,1.2157771923053795,0.0146140412965177,0.0050251505033978,3.343584348544193,1.1853947308222914,2.307791444299346,1.1482239731793518,3.4082815846626606,2.3115653478911686,1.1313706297005333,-0.0775368214044147,-0.1479912495104147,-0.070454428106,63.34740991707446,100.03061437559228,36.68320445851782,21.09664018996841,100.3202956440739,79.22365545410548,0.0002020607011837,0.0039980262112021,0.0037959655100184,-0.3110585622705391,-1.5071423617266064,-1.1960837994560674,-2.842407590043832,2
S_00203,P_057,1.0.0,2.5,3.5,4.8,900,750,600,mouse,Windows,Chrome,2560,864,1.0,2283,733,60,56.76686511709604,18.26532175436042,27.413271358947085,0,17.027906196640583,0,0,55-64,Male,24,20,4,0.846176179159365,441.0168484469483,93.93260618568604,439.6217964842512,387.36794258654777,94.73381859969332,393.6401948030865,495.2440262980275,124.77915124571288,0.2519548840971247,0.1776085504759355,0.1011546819483942,0.4386182778071545,0.1763038464217123,0.8709196493161226,0.0896302535168293,0.7077779935272034,0.9437751863348044,0.1567496986373261,0.9865644985502076,1.2741853704885862,0.0097452386129339,0.006939438949435,2.786879758503528,1.005979909119414,2.1439434798989447,1.274105328429033,3.377208330200877,4.6200256340672,1.4330386078232058,29,25,4,0.8598810135036128,461.5800998998559,95.84316955698267,489.024125354888,388.015023425698,96.361562518744,387.49238856056974,485.4652278430178,169.9665686077596,0.3501106955959382,0.215438418655065,0.1025028844193427,0.4490131075943579,0.1916537251362059,0.8738275751425835,0.0986366464872507,0.6390239563949828,0.9110748422098668,0.1393225685697713,0.9503503145640808,1.3809607774102828,0.0136396268523117,0.0038197625257102,3.11294991044093,1.327694052991056,1.9849608582065343,0.56985693989054,3.310850583383955,3.4713672165956466,1.3743521998782158,22,16,6,0.726717697619098,434.54743023598417,110.43553401705748,424.1051923298295,412.1821294938263,105.23787790469324,416.3613758353861,621.705497427438,205.5561613755237,0.3306326906004478,0.1943532702498729,0.0951173482397987,0.5295808219285477,0.2016651121191627,0.7934206022214974,0.0658067921750814,0.6273038628060222,0.7402260157812292,0.1450870373601239,0.8605845311348422,1.197018772805135,0.0148319259345358,0.0079858154950565,3.082174338018869,1.0040800184255614,2.418183474460597,1.3489549112782009,3.4235177265490533,3.525689095742112,0.9970885495095392,0.0137048343442477,-0.119458481540267,-0.1331633158845148,20.563251452907597,-6.469418210964136,-27.03266966387173,0.6470808391502487,24.814186907278557,24.167106068128305,0.0038943882393778,0.0050866873216019,0.001192299082224,-1.148658417471553,-1.0943365383250878,0.0543218791464652,-1.3830071716859598,1
S_00204,P_057,1.0.0,2.5,3.5,4.8,900,750,600,touch,Windows,Chrome,1920,1440,1.0,1658,1324,60,58.04061449581039,16.842209158181316,16.84302171614424,46,21.38737666492254,0,0,45-54,Male,26,22,4,0.8429858138942191,442.3249120487831,84.22359981259115,442.9904974420604,369.2650697435321,82.16259107833983,378.7847983013229,547.6690789487526,160.66019061476953,0.2933526773561066,0.1762748604474944,0.108163047669295,0.42689342439519,0.2038861595614284,0.87603806920822,0.0803270238722701,0.6938385684922888,1.1075647702524007,0.1352047688876357,0.9412316277899349,1.3870110534289175,0.0103026282136198,0.0064538922299711,2.593294916889419,0.9438542175732244,2.0377629603170297,1.1098096782673552,3.156843056259462,4.35176822174604,1.0322331632510031,26,19,7,0.7379673234487404,442.7615684057193,86.37072967160064,437.69102307335913,378.100541019962,101.03610881357945,366.5349553892484,525.1171271967481,163.92576318919507,0.3121699040065326,0.2167835253297226,0.1449932838129928,0.3884143580193723,0.1910299055846242,0.8039534558670851,0.0772130829930289,0.7030968876586792,1.3142693036690023,0.1326200115010537,0.8057194475939314,1.0786956214316714,0.0118387533504637,0.0055995831696627,2.658947616049235,1.168594880545862,2.2335853844683995,1.0065918735689787,3.187759579986045,3.394708972845394,1.078394878929683,24,17,7,0.712494505913048,509.0803645671927,105.0556764022126,535.3826689534529,442.3410723953739,104.6923538318938,458.9386679603402,577.5029552460962,180.565883702158,0.3126665968751829,0.2442328464576422,0.1179634436630799,0.4712097763514872,0.1816125997871879,0.7855025771294426,0.096752205771588,0.6405305501230437,0.8008445179970596,0.1576337266039399,0.9202058131191518,1.2785669650327909,0.0157147800984054,0.0091876752511194,3.306428392076604,1.1374589332321576,2.0640894289946097,0.5977587367611903,3.671221757717447,3.013508014213273,1.271777023500758,-0.1050184904454787,-0.1304913079811711,-0.0254728175356924,0.4366563569361688,66.75545251840958,66.31879616147341,8.835471276429871,73.0760026518418,64.24053137541193,0.0015361251368439,0.0054121518847856,0.0038760267479416,-0.957059248900646,-1.3382602075327663,-0.3812009586321205,-1.881127307729711,1
S_00205,P_057,1.0.0,2.5,3.5,4.8,900,750,600,touch,Windows,Chrome,1920,1080,1.5,1784,826,60,54.64967425103199,14.809653410191569,20.38528606898823,10,28.047366525869663,0,0,18-24,Male,25,21,4,0.8458081579973216,442.9329634207543,88.07319461652658,436.01243868199896,408.0740325803525,92.66304807908602,402.3519392280744,493.1868626989802,162.91386869511558,0.3303288895482017,0.160020826223644,0.1378601111348302,0.4460974975308743,0.1765278752518178,0.9130897634825398,0.0952892527787447,0.7069999932419393,1.024861327840476,0.1083514398112675,0.9303444422387908,1.118643285144255,0.0092945529324274,0.0059016403442486,1.9400735472911164,1.31656863670012,2.109653085410122,0.9993208342938068,2.7954136912342245,4.10662922409559,0.8918964494205498,22,18,4,0.7973094851724828,480.6601600259818,76.5845074220885,492.9055978992922,397.8627066197994,85.43282471164655,407.2038687458625,615.4356763264874,177.76624902872504,0.2888461879392582,0.2168669244757738,0.1300139785275739,0.4430920900881425,0.205401082369532,0.8939260558342113,0.0632251228389383,0.6677517955102892,0.9125679457024778,0.1235350394638446,0.9880713232126928,1.376604475590551,0.0141002677136731,0.0071062956178005,3.390101421068664,0.9613729977036488,1.7411888270471236,0.8561660903017171,3.518467820337568,3.4966649914947414,0.9602142288940576,22,18,4,0.840788872714948,473.6059547686156,108.49939621751732,490.7152145385437,429.15648238110106,85.05890066609594,440.9045153235064,551.5033739437039,191.77351120519128,0.3477286273588003,0.2069192299733905,0.1506005461920029,0.4779378644729719,0.1663285156484039,0.8429714652862357,0.0761274463723142,0.598995831457636,0.9564937091570712,0.0994640926523256,0.9298342738205616,1.172870054688513,0.0117801474615304,0.0079641661434272,2.9597353372452115,1.392388768253374,2.3127880230017466,1.0775025863455865,3.446418661325937,3.23722626582086,1.3301026397999556,-0.0484986728248387,-0.0050192852823736,0.0434793875424651,37.72719660522756,30.67299134786134,-7.05420525736622,-10.211325960553154,21.08244980074852,31.293775761301674,0.0048057147812456,0.0024855945291029,-0.0023201202521427,-0.6099642326008485,-0.8694029582747298,-0.2594387256738812,-0.4430698121640468,1
S_00206,P_057,1.0.0,2.5,3.5,4.8,900,750,600,mouse,Windows,Chrome,1920,768,1.0,1365,641,60,59.90747635025392,18.54988720403186,19.69957441040661,37,26.222674483172284,0,1,65+,Male,24,22,2,0.9038067119217804,435.0443487944832,87.19322419331297,442.41040198079855,356.91018069982795,81.25442554043019,340.7448730496605,566.7737013756416,138.1893968325591,0.2438175880376127,0.1820430198750417,0.1221003750115954,0.3982622308971655,0.1896155445170693,0.9079411997431712,0.0893433621773289,0.7639512407447301,0.9277350990404508,0.1215807001309258,0.8921519390734072,1.278066449660492,0.0105792308312201,0.0070023652391805,3.1551658051845206,1.3463008795450775,1.5632126580375485,0.7359445422021003,3.2780030046058,4.691181096462319,1.1026603035067075,24,18,6,0.761944230554908,498.67053294447794,100.3405087390878,496.103410203741,359.5543024999556,91.46994765340064,351.31169255360896,563.7320869083554,162.43960158440788,0.2881503560942687,0.1981345113542387,0.1085304106348571,0.4896259368380768,0.1987480242483147,0.8442374856146184,0.0687405757492459,0.6804885754091929,0.8713504886431196,0.1244844114015403,0.8362822872728064,1.034570978594545,0.0115290596964,0.0057756487859376,3.868374818054016,1.3273561332894876,1.6557550624662087,0.6992518364635212,3.3797257082987158,3.66709522520644,1.3061003274926422,25,17,8,0.6908904281280687,453.86602656633926,99.22301588973924,447.23547249081565,390.5586769231082,100.76275862190565,406.5924747776572,579.1428513532271,194.5882982734176,0.3359936116257706,0.253106023360548,0.1257620531476958,0.4397990416236614,0.2107106464147556,0.8182606222624553,0.0881609400188107,0.5949530327391227,0.8558464239262124,0.1332251859840336,0.897305473496482,1.3678796877710246,0.0121828555542724,0.0054915193143929,3.340496351031323,1.043502252759967,1.791880510689167,1.077018368747191,3.46784542350701,3.268897921356693,1.18453964725413,-0.1418624813668725,-0.2129162837937118,-0.0710538024268393,63.6261841499948,18.82167777185612,-44.80450637813868,2.644121800127664,33.64849622328029,31.004374423152623,0.0009498288651799,0.0016036247230523,0.0006537958578723,-1.0240858712558798,-1.4222831751056262,-0.3981973038497464,-0.6705110693198446,1
S_00207,P_058,1.0.0,2.5,3.5,4.8,900,750,600,touch,Windows,Firefox,1366,900,1.0,984,633,60,55.68201331722491,15.35122702832975,23.204695459097533,11,17.77008556662767,0,0,18-24,Female,24,22,2,0.8992099135333633,297.47490694254407,70.84947322735145,295.7596418277374,288.3992060304295,74.00494437959404,296.61854112562355,461.1912587650194,162.23739316314388,0.3517789855722419,0.1231296352707575,0.073524058664487,0.3330348893089938,0.1485067785437698,0.919288604788,0.0460954268757479,0.7599727183247763,1.1323955350608697,0.1124333028156275,1.228005161091258,1.6119508269081646,0.0051933839393852,0.0039018549515008,0.8413547164686617,0.5619958222232053,1.046514363497819,0.8587829749801039,3.493756033358937,4.91510488279865,0.6473054434778601,31,27,4,0.8778637765096649,332.1114741195189,82.14870754637901,350.3285620561093,308.9086281861293,82.93147493101984,291.87177494334577,471.8567097491579,162.7448732676592,0.3449031663747569,0.1393182122136181,0.0807116165315755,0.4120302552627893,0.1193657335138836,0.8977410609353481,0.0746831740738396,0.7922547262097344,1.007982482385184,0.0934907796818297,1.094213514173507,1.607126090461393,0.0092660894788008,0.0043513283421569,2.1148651974569197,0.9363328127975474,1.40767160067525,0.5453067702801006,3.58078291001496,4.6612622034146485,0.4387342630010282,29,25,4,0.8787233676871475,377.3186393197466,84.43475931736887,386.4038852975546,343.7842369002974,78.8118574537657,350.70711445234616,474.442821399491,159.11436085433647,0.3353709945172903,0.1624919680251028,0.1038537046462572,0.404326713170251,0.1546581567800456,0.8852159112506057,0.0624677683049229,0.7107948454911688,1.1774155430163946,0.1337481151057482,1.157910780909691,1.6630915440539082,0.0088291850955177,0.0019918931623291,1.514271200249503,0.9952786294732476,1.3654111745280506,0.6670106933155513,3.109666974752298,4.08759309197825,0.6887138825608551,-0.0213461370236984,-0.0204865458462157,0.0008595911774826,34.63656717697484,79.84373237720257,45.207165200227735,20.50942215569978,55.38503086986788,34.875608714168095,0.0040727055394155,0.0036358011561324,-0.000436904383283,-0.2538426793840012,-0.8275117908203997,-0.5736691114363985,10.80609252361426,0
S_00208,P_058,1.0.0,2.5,3.5,4.8,900,750,600,touch,Windows,Firefox,1366,1080,1.5,1083,851,60,59.36181045806654,19.89443081004581,22.058423276270336,13,10.575666396349549,0,0,65+,Male,25,24,1,0.9460104165953852,367.4407199603101,83.86381905692903,381.2122719509489,306.3987643170629,78.46420729079607,312.097363258132,460.0740403345193,121.518041559931,0.2641271423868545,0.1280326264968285,0.1011588327909033,0.4126724529886992,0.1767518789455784,0.9326325395359738,0.0676585437273186,0.8013461276346672,0.877634133168149,0.0770129560013515,1.025184726782733,1.4613986241138304,0.0087897303251429,0.0054227277534835,2.153374608997879,0.9516823770967128,0.8481981122003766,0.7929365708237113,3.0912744364351283,5.122447193791238,0.8490600396289538,31,28,3,0.900100606069796,346.641902797636,90.57335602614884,366.85584807703015,328.0079643868453,79.76204269307581,318.0798628297576,430.2046280326148,129.3304481674881,0.300625422741113,0.1735855177359352,0.0859046438481579,0.3827221102452372,0.1405281034609589,0.9136715775778322,0.0698537054436712,0.7871408576862853,0.896786401505302,0.1157531977432297,0.9819296622912678,1.2331467081390766,0.0065242871707364,0.0045296128593726,2.3460973377968832,0.9825698646240528,1.1905308950295914,0.8247524137138005,3.335542095820133,4.555320236050876,0.9295233146325363,28,22,6,0.7906921085613128,400.6327190381804,77.01955638516773,391.9983649121207,328.5219611898612,98.110017312928,357.86479635380283,569.7125896862892,144.10400485768753,0.2529415839959549,0.1591859374359699,0.0997042274379617,0.4286076228910208,0.1480553781488207,0.880467491026445,0.0588960008120102,0.7141230559443311,0.9278737028464464,0.1113551695155766,0.8749920663969057,1.2212920064206316,0.01003979793736,0.0057643370976674,1.7339302674884016,0.8093494019774786,1.930124534635606,0.8615809223504332,3.566406952923456,4.19889796484544,0.971603897208746,-0.045909810525589,-0.1553183080340723,-0.1094084975084832,-20.798817162674084,33.19199907787032,53.990816240544405,21.60920006978239,22.123196872798303,0.5139968030159139,-0.0022654431544064,0.0012500676122171,0.0035155107666236,-0.5671269577403626,-0.9235492289457988,-0.3564222712054361,7.761033013359316,0
S_00209,P_058,1.0.0,2.5,3.5,4.8,900,750,600,mouse,Windows,Chrome,2560,768,1.0,1907,472,60,54.45031511790855,15.55729136956229,20.026407126102985,25,23.35509142642247,0,1,18-24,Female,22,22,0,0.98,302.2729852057392,81.27212725304882,292.485862239664,272.0967908677198,68.35320742872648,297.5285998374327,411.3209014066965,134.23022043827316,0.3263394103708629,0.126127143895462,0.1303130989441516,0.3504205895866325,0.1535988302169505,0.9618053776465876,0.0659029750158147,0.8517138514588707,1.0919713693941422,0.073982834156348,1.1761151530341922,1.5005670448872104,0.0070369969659047,0.0030407088797239,1.2935967164010362,1.1203727022922103,0.7575110458233977,1.076069753901408,3.2245507170993397,4.948490324050302,0.8249622038536325,24,20,4,0.8276129685510348,348.9921428587998,94.03966721211374,341.7857038083098,304.06724777954497,73.9376280359655,290.17377859357725,445.11530285659205,146.75524432375872,0.3297016377148474,0.108189556352326,0.0704090863961847,0.3710124420475845,0.1591401584927535,0.9332049091409796,0.0447061527473593,0.7521273160333011,1.0722237681599267,0.078059756040977,1.1776418634175558,1.2831166320552532,0.0071519774645071,0.0040155593728105,1.6670441718388769,0.6037272387814661,0.4148688766292167,0.7417239808171888,3.398964540881822,4.960877428222965,0.75368668050043,30,26,4,0.8529000999146906,371.9321157754317,95.27720252225151,372.762934516095,287.3428424965342,83.0570921314755,286.2814335149817,497.4266079866315,136.156707355696,0.2737222037775575,0.157852989405453,0.0983579952323659,0.3814692840205134,0.1348812361584319,0.9198326422540596,0.0497979200322213,0.846674040294921,1.2192240085998238,0.1048925945687344,1.0717180422788688,1.4162492323360445,0.0092125140146226,0.0034552548326158,1.631598042466111,0.7389143318311743,1.153908784847177,0.6453181823976385,3.147876281644589,4.150445372076709,0.7283492614849627,-0.1523870314489651,-0.1270999000853093,0.0252871313636557,46.71915765306062,69.65913056969254,22.93997291663192,31.97045691182518,15.246051628814428,-16.724405283010753,0.0001149804986024,0.0021755170487178,0.0020605365501154,0.0123871041726628,-0.7980449519735924,-0.8104320561462552,12.131151651237873,0
S_00210,P_059,1.0.0,2.5,3.5,4.8,900,750,600,mouse,iOS,Chrome,1920,864,1.25,1643,604,60,58.33895089936748,16.24386258195682,22.10137095237155,40,32.372150649458206,0,1,18-24,Male,23,18,5,0.8024932781316925,454.2796547387867,103.35846641974962,453.6082034247797,377.9402940523667,88.68644603045836,370.4935416327937,607.8469497245377,160.76383957220563,0.2644807868906147,0.1866515061838083,0.1780865761944406,0.4578407163819888,0.200896256094859,0.8366118628153376,0.0916856409796136,0.7094872742733306,0.9900111065361624,0.1603661423712064,0.856694483015445,1.0528240044218535,0.0108818327349024,0.0058355416941161,3.3544553420293584,1.6354465326141956,2.324975217355736,1.0814452166870931,3.081554037156894,3.731371531924653,1.057281772494103,31,22,9,0.7231030168556245,523.7047138562732,103.311558195485,528.1665267515234,420.519153797689,104.43371948933532,418.5331217213966,565.6593430127419,175.69377478708714,0.3105999696766778,0.2226980998656886,0.1451112722422924,0.4750684564719014,0.1965770736649578,0.8283253550985734,0.0891711946432679,0.5547133453181248,0.9375594547987778,0.1414206482845828,0.8337110516057864,0.874660764700031,0.0127839263067544,0.0058537547060079,3.115732000714968,1.875105963277552,2.531529704899747,1.3882060160229202,3.4482955374981183,3.591100488628165,1.213140831174182,22,16,6,0.7251266681608108,535.0340059603162,115.83975568987066,537.0849922072537,453.6452578212715,106.47794507467388,449.0668542464337,685.3662765204151,184.6219462869336,0.2693770508001268,0.2740474113528054,0.1317021877141942,0.5388236492247833,0.1923979701281363,0.8028547574481757,0.0879449962062561,0.4662028842774088,0.9248801094326872,0.1486118051179802,0.7895374133388443,0.9816741454125832,0.0127411852616107,0.0067484040297318,3.597936203766576,1.15690576962291,2.692042150292333,0.8466202357935805,3.502821069762178,2.710401093279724,0.870940675237955,-0.0793902612760679,-0.0773666099708816,0.0020236513051863,69.42505911748651,80.75435122152953,11.32929210404302,42.57885974532229,75.7049637689048,33.12610402358251,0.001902093571852,0.0018593525267083,-4.274104514370887e-05,-0.1402710432964879,-1.0209704386449283,-0.8806993953484406,-6.00750186292164,2
S_00211,P_059,1.0.0,2.5,3.5,4.8,900,750,600,touch,Windows,Chrome,1920,1440,2.0,1358,1204,60,57.16339604956789,16.755435393388026,25.230408643430994,4,13.141466617236905,0,1,45-54,Female,26,21,5,0.7887104489520841,490.52981366700175,101.7728387881442,498.3654894365586,382.7557465038833,98.0005877891996,386.6246273541451,588.9175816298003,180.6524759045982,0.3067534092031204,0.2009498920323014,0.161383406689007,0.4420360153571433,0.2237412513121521,0.8765275928672794,0.1004672326594593,0.6112432550152287,1.1668927523393873,0.1429690610108989,0.8672130943736817,1.2139038925879655,0.0102985674673268,0.0082916818288404,3.068664642153418,1.5832439234986035,2.646170228223415,1.270155564828213,3.096204608615255,3.472489675735356,0.8479298616161576,30,23,7,0.7592461116946452,523.8642701798419,104.06604528190164,532.7154745637018,419.8924481333167,108.69579649419778,420.5448364000383,658.8574957470867,178.3881262985647,0.2707537327116362,0.2322428934462963,0.1312641333165735,0.5400989360709678,0.2035262780553012,0.8686632650003524,0.0857648103655338,0.6666502714762967,0.9308106761491162,0.168665283720026,0.7349593724007959,1.137221464782192,0.0115895365259253,0.0072537049921607,2.930269992803732,1.3805051143768554,2.806987906865864,1.2590020645171969,3.134907492561368,2.567431831171636,1.324032975787471,27,18,9,0.676421760279538,589.0316174417512,114.11413960920504,618.4120204468667,423.32977948123664,113.33246192661692,421.7749629912162,678.5081633755493,185.3772573713628,0.2732130096255862,0.2548681537069467,0.1400673930568812,0.4981739079665108,0.1922800272561742,0.7860477547455592,0.0917125441573607,0.5644003640754545,0.8447091060878437,0.1924519220072564,0.6952496449942192,0.7734971148185088,0.0163586647644932,0.0060530835505467,3.713835686572922,1.2769017903145854,2.534250599100321,0.8578384810733708,3.3985708618397927,2.967132954462456,1.248901572776859,-0.0294643372574389,-0.112288688672546,-0.0828243514151071,33.33445651284018,98.50180377474948,65.1673472619093,37.13670162943339,40.57403297735334,3.437331347919951,0.0012909690585984,0.0060600972971663,0.0047691282385678,-0.90505784456372,-0.5053567212729004,0.3997011232908196,-7.0752955912985716,3
S_00212,P_059,1.0.0,2.5,3.5,4.8,900,750,600,mouse,Windows,Chrome,1440,1080,1.25,1241,990,60,59.51422995390965,12.72288539894821,19.672756777727106,12,23.80430861417208,1,0,45-54,Male,30,26,4,0.8625584054053504,474.4518243587704,114.55066475341452,470.2630535396101,380.2107618124183,86.24957918682644,379.4714746265029,485.5389251193867,163.9707174526883,0.3377086963982761,0.193135173326,0.1395898817797076,0.507842719954704,0.1958904164395138,0.8193556882504772,0.0782579668368955,0.6539380464082245,0.9150974175696682,0.1672831971175819,0.9432349775293448,1.4327522985960022,0.0111537090289042,0.0078388253701173,2.759423783017644,1.54159972857205,2.085126495836047,0.8213569688428719,3.2889855050922314,4.185967071704905,1.1499653693375829,27,22,5,0.8185923963041003,446.9837371559522,93.82269744145424,449.1846277822343,406.87141729193934,91.58056758005831,405.26728466612064,562.4845506542633,177.7109450464567,0.3159392464019664,0.2257596314140028,0.121443349021903,0.4644076285030913,0.1818833057441385,0.809696461657804,0.0950340650824021,0.6962133753567795,1.0739620147656497,0.1534284083085565,0.8011225756518308,1.1080847670244196,0.014264940557834,0.004458217566543,3.21248894373902,1.4947640506621562,2.008368052127907,1.1956333068840843,3.376548390614854,2.8278104545979974,1.2240023665564173,26,19,7,0.7267925040733024,537.9269771612725,114.78855480585035,536.8380922976261,448.7641204589446,95.70911395720408,449.1331418653033,585.9083030430555,214.96864630580347,0.3668981053678744,0.2584558931266242,0.1484021136737277,0.54359292001558,0.1881945373753233,0.7900287229487876,0.0838610161730907,0.4897118329227686,0.5568818584212477,0.1756161468506925,0.7073697574786806,0.8961328727271717,0.0141668288514755,0.0063274767308288,4.040053976614987,1.3600331277136015,2.356311563031598,1.305282251983593,3.593318707725817,2.350982602039005,1.248795646733982,-0.0439660091012501,-0.135765901332048,-0.0917998922307978,-27.468087202818083,63.47515280250212,90.9432400053202,26.66065547952104,68.5533586465263,41.89270316700527,0.0031112315289297,0.0030131198225713,-9.811170635843323e-05,-1.3581566171069075,-1.8349844696659,-0.4768278525589924,-4.915190864925819,2
S_00213,P_060,1.0.0,2.5,3.5,4.8,900,750,600,unknown,Windows,Chrome,1536,864,1.25,1262,723,60,55.4247561264781,15.95679104809311,20.364241139770105,33,25.240028748877968,0,1,18-24,Male,29,27,2,0.9308921669014476,401.412508062741,70.51300215974082,417.17835043576594,331.2695393028389,84.40646666387323,340.8637035240224,460.2622937512031,131.18714795119257,0.2850269286280192,0.189479631095775,0.0947107008750257,0.3893584028205751,0.1658827089005486,0.925797683785332,0.0625802427817239,0.8215737742869231,0.9181272884123202,0.1275242220116506,0.908879944762187,1.2431965969819714,0.0108591375181639,0.0059077469510504,2.215840505419864,0.8324151402361266,1.184805048151896,1.1504527906269526,3.2708509236885472,5.0380919443253065,0.992642698292832,22,19,3,0.8805582796006688,403.1132764296876,86.74522841934372,424.3233822778086,364.55025387260775,88.20413723555352,371.825398462382,545.7983878347221,163.81455012807146,0.3001374752643599,0.1795827020660457,0.1218877283809928,0.4264808323213512,0.170083306438713,0.8759135736449558,0.0919415499703933,0.6964706915324147,1.0359873122117045,0.1145326335286495,1.0307808696419414,1.5657943673974823,0.0091536140451564,0.0058123271849384,2.3935665021672734,0.9138378697052976,1.9626751210181652,1.023811185555499,3.25481751027325,4.752762529908437,0.856860678909766,27,22,5,0.7992904027998519,418.6988547043855,102.315404340208,425.8941050373825,389.3417502654372,97.63960788315072,393.8447400343952,601.3646578412108,165.3788428962201,0.2750059231779598,0.170734443563009,0.1213317995894699,0.3665373954885684,0.1940461533827089,0.8489203522463832,0.0578350576799956,0.644737507451747,0.6986468663899453,0.1402674759101669,0.8650669237500613,1.2903802783544536,0.0108037454584292,0.0047351267025927,2.8190819767080018,1.1668004344865794,2.17498628301604,0.7548179591745972,3.4795285806008605,3.6521402114891153,1.0060217477527402,-0.0503338873007787,-0.1316017641015956,-0.0812678768008169,1.7007683669465905,17.286346641644514,15.585578274697925,33.28071456976886,58.07221096259826,24.7914963928294,-0.0017055234730075,-5.539205973470116e-05,0.0016501314132728,-0.2853294144168696,-1.3859517328361912,-1.1006223184193216,3.8051515559987594,0
S_00214,P_060,1.0.0,2.5,3.5,4.8,900,750,600,mouse,Android,Safari,1440,768,1.25,1190,494,60,57.5315080288436,15.900494666381064,22.474343358153483,18,14.296896339654976,0,1,45-54,Female,26,23,3,0.8810791507989968,393.63727287682576,80.10129650396036,416.5194750657225,321.2814685574457,80.34227088875413,331.103536929278,477.1783926574619,147.32216845115423,0.3087360423649947,0.1556706641162651,0.1292187187288301,0.3497050268335007,0.2052019305182323,0.9025544715943944,0.0780650530067851,0.7682882879888085,0.8111654593769857,0.0833943282348035,0.9906712817527494,1.4897292544702945,0.0063761064298275,0.0043705566396849,2.1243461828195387,1.1398301029017976,1.5459632964124763,0.6871430872641647,2.960301295971299,4.907934252025399,1.1989127012398673,26,21,5,0.8255096808602894,386.830635941942,91.41544125433836,390.3277832935916,374.3271058329686,92.21011828904273,372.1150490385176,436.9134018492749,150.01045656827398,0.3433413942747953,0.1638283754748682,0.0895935617015611,0.4127764008249898,0.1687547229552256,0.8457296806351141,0.080308921287872,0.7327026599782324,1.0256196295992657,0.1314224080318915,0.943682712973583,1.482518566370956,0.0094398977978213,0.0067388412932929,1.9408328725957664,1.3329081347313885,1.3219518260527583,1.393700367330026,3.1772249354923856,4.7290687290602245,0.9295849764550326,23,19,4,0.8239009469048069,429.3645173254215,87.73309766435882,471.3169696851078,425.0348989265302,93.59454633872852,460.3572598617269,548.7060045625743,187.13821084883816,0.3410536959551296,0.1850872063315016,0.0903587905764489,0.4310565072578425,0.1885777659497645,0.8484103803946791,0.0868951937106853,0.747457433288428,0.9700032603768068,0.1015154061506576,0.94050363461165,1.369475994670903,0.0113824283480213,0.0058607188984173,2.971773837168125,1.1514305240283873,1.7565484671473284,0.9879208050073104,3.8193226347293407,3.3458055306659835,1.057037230042627,-0.0555694699387073,-0.0571782038941899,-0.0016087339554825,-6.806636934883727,35.727244448595684,42.53388138347941,53.04563727552284,103.75343036908448,50.707793093561634,0.0030637913679938,0.0050063219181937,0.0019425305501999,-0.1788655229651743,-1.5621287213594153,-1.383263198394241,3.6634174519924687,0
S_00215,P_060,1.0.0,2.5,3.5,4.8,900,750,600,mouse,Windows,Chrome,1440,900,2.0,1051,649,60,58.56180857209095,16.879108406980293,21.904244231321197,15,27.376134548607787,0,0,55-64,Male,27,25,2,0.935542130062946,364.5242258947453,77.66503943777991,371.6412718386984,275.59663721020723,75.94566163960951,277.0050865793013,445.7349376667332,142.54375511939026,0.3197948894595452,0.1475994063492321,0.0968691209656211,0.3578332898684424,0.1354467804020231,0.9105326798981416,0.0742198064927001,0.792923022148597,0.8813978870561017,0.1146659101131363,1.026661423129384,1.3819484887004374,0.0078841862761033,0.0045769391996823,0.6103494186165965,0.9928417641502624,1.4847993871099168,0.9433645692216592,2.88140090270068,5.657256755724291,0.6871803908315417,27,24,3,0.9048670152695896,369.7442857209831,82.37988908336432,378.2853793539297,343.4345716511027,79.27515979170357,362.22437576659735,515.8165394564755,153.89508725667642,0.2983523704355006,0.1775117588700969,0.1029253889520082,0.4526975153519541,0.1452750110470471,0.8991102401020867,0.0729355146810437,0.7689127197780976,1.1152292448377326,0.0445261551631382,1.057533089677744,1.3920842193777754,0.0081386188280569,0.0036967938756361,2.20405371231973,0.8138552000745298,1.326942732093889,0.778625395678817,3.39505463117807,5.053557522289706,0.9153237019036932,24,20,4,0.8492525982549155,394.8450037446648,85.88914269003394,396.968366793064,339.8465894580501,92.33506364851296,338.5667649508199,477.6867808175593,163.67637840047075,0.3426437259166753,0.1492932907428158,0.0877823527098833,0.4055880090029109,0.1876433804906105,0.8929574164925519,0.055396462264982,0.753190805035022,1.0295080427296717,0.1152656694275959,1.0099597208438562,1.3068672593500268,0.0127965043786141,0.0041575365707106,2.3059794343409177,0.4089381380830836,1.75993092709225,1.0229090850721752,3.3261954956349067,3.8815608801423984,0.9537836516406448,-0.0306751147933566,-0.0862895318080305,-0.0556144170146739,5.220059826237787,30.320777849919523,25.100718023681736,67.83793444089548,64.24995224784288,-3.5879821930525964,0.0002544325519536,0.0049123181025107,0.0046578855505571,-0.6036992334345852,-1.775695875581893,-1.1719966421473078,8.230386947405153,0
S_00216,P_060,1.0.0,2.5,3.5,4.8,900,750,600,mouse,macOS,Chrome,1920,1080,1.5,1799,801,60,60.0,22.26314942609643,31.98892117814384,9,23.892691724305934,0,0,55-64,Male,27,24,3,0.8963149027230735,388.585118169711,73.19833041069948,395.4137323149519,303.2679454709042,81.29620583748108,323.9014438687563,453.92430877550623,119.5613687671408,0.2633949459319909,0.1445481846493243,0.1149981096312585,0.4033011537296296,0.1459851627807587,0.9198607449041564,0.0684169304956047,0.8459057309094877,1.0803101875326138,0.0410761821904437,1.1099420234292274,1.391077143543364,0.0076424130153866,0.0053627799440459,1.348916365033891,1.0203020093368114,1.473777334368359,0.926841308663425,3.110160312344987,5.1472421366937695,0.8044040783839196,31,27,4,0.865729205943784,392.9980972901207,83.67221817120615,374.5692938050968,343.1142655032664,83.8201154840422,339.9926315937883,520.9945311739299,161.01447047419637,0.3090521317208279,0.1326153574911805,0.1223273067166855,0.4026645151144992,0.174234185580543,0.8770754353251746,0.052001399257185,0.6339060012618505,0.7705818665389181,0.1228830141732591,1.108166719666959,1.503462403458346,0.0076753718295495,0.0042427323281617,2.703112769724256,0.7432151202527715,2.1239601003570128,1.229235975935737,3.640208310480483,4.573311470080888,0.902799748131037,31,26,5,0.8230996369941445,441.12601208462297,89.26235747173153,457.6440606520154,360.22981135063003,85.23638955418433,345.3391736068257,506.5677906097444,175.23746907604124,0.3459309342686628,0.2130665045663191,0.1261339756430249,0.429931037327858,0.1682230541683732,0.8320544932957683,0.0804991311872931,0.7700276443704307,0.7955852756801363,0.1641960458468205,0.9272681901385372,1.3664628233588283,0.0110100555308346,0.0049664806256948,2.4041923389530395,0.8068586279563703,1.8965766390970968,0.7968195370196743,3.287586651801341,3.585814308504171,0.7601615312171036,-0.0305856967792894,-0.073215265728929,-0.0426295689496395,4.412979120409659,52.540893914911976,48.12791479450232,39.8463200323622,56.96186587972585,17.11554584736365,3.295881416290423e-05,0.0033676425154479,0.003334683701285,-0.5739306666128812,-1.5614278281895984,-0.9874971615767172,6.187622294798,0
S_00217,P_060,1.0.0,2.5,3.5,4.8,900,750,600,touch,Windows,Edge,2560,1080,1.25,1611,935,60,53.55297539079315,19.89030986351264,21.77629378768572,20,29.938201828514863,1,0,18-24,Male,25,22,3,0.8830101620329401,368.4879622539979,87.0618033764418,352.7651176316752,305.90601689890343,84.32806014483512,317.6898378724176,402.8818852528887,136.22208453629852,0.3381191597899519,0.171579278011047,0.1030130480801235,0.3704648321666751,0.1643669521295006,0.9055619149708144,0.0778476783184835,0.6863849611399957,0.9241026063198536,0.1057429310905109,0.9381371602317996,1.0812747970466043,0.0077786759374944,0.0051713935662541,2.018826908111029,0.9213041603281558,1.2022342636018748,0.7953951281517496,3.244778264202312,5.183046399195729,0.6413708594809857,23,20,3,0.8588932803542058,406.9152140065123,97.11303952792814,418.2421051437609,362.215211292226,74.27061134924877,360.6840204990189,493.65537722244176,160.13723126487116,0.3243907362376671,0.1531053927925307,0.1119950547806845,0.4521033892848044,0.1438202482433528,0.8849068319437438,0.0801874240406303,0.7221334209530056,1.1353805715398044,0.1066636188313061,0.995572442477682,1.1965993130136965,0.0097156241015727,0.0051658922284829,2.508368996026763,0.905332648512346,1.3568359541268398,0.9669288160275998,3.5295785735111846,4.607582633488912,1.251542229739275,22,18,4,0.8214870543266687,439.5544783754007,101.2630358751996,417.2319170387132,396.7805190566248,83.82392839900204,387.17353640530393,544.2309418521489,172.93251400642643,0.3177557553377899,0.1620274953803723,0.0724541674544749,0.4181807547159679,0.1339655554909855,0.841438785135401,0.0787721053574598,0.6669226411884703,0.9269381535186187,0.1102583464940991,0.983626781649556,1.409847090369991,0.0090313371804468,0.004410982986386,2.0751403911258746,1.1344168159603751,1.8566366096564664,0.8644880336004875,3.464757769278802,4.008421449219475,1.0258581162493146,-0.0241168816787343,-0.0615231077062714,-0.037406226027537,38.4272517525144,71.06651612140274,32.63926436888835,56.30919439332257,90.87450215772134,34.56530776439877,0.0019369481640782,0.0012526612429523,-0.0006842869211258,-0.5754637657068171,-1.1746249499762538,-0.5991611842694367,5.225015869912229,0
S_00218,P_061,1.0.0,2.5,3.5,4.8,900,750,600,touch,Windows,Edge,1536,1080,1.25,1131,779,60,53.0805266381446,18.111852976566297,28.313425848408876,24,15.532892449523189,0,0,45-54,Female,22,17,5,0.7805117424160783,548.4810674516966,105.65770820049366,551.6420650884406,423.9861135676224,113.5647180283984,438.6574489185927,618.0197817208925,194.82480280998013,0.3152403993727923,0.234980046779133,0.1317581235418717,0.4637078380720023,0.2272857178188005,0.8091493446505746,0.0776975175009494,0.5720073983327822,0.7173079527380886,0.1694597649230732,0.7517096118659592,1.0642377625888886,0.0137618952196924,0.006703275642523,3.5590570457693413,1.516368984765749,2.3775816088605337,1.41902887777984,3.153893152926787,2.931925462143943,1.292410999069157,25,19,6,0.7433365815916486,543.3538770172073,117.6162168169996,534.7433317745177,511.91360928531566,114.93930539155308,531.5500534176757,623.4803116542168,195.62691520203165,0.3137659867446249,0.264754487625995,0.1381636580376339,0.4957331939773862,0.1919471419334817,0.7887016163526676,0.0927680342533133,0.5070081915505077,0.6146266631201369,0.188475894239686,0.768878073139996,0.9015536072328284,0.0149224973539179,0.0062765140928408,4.66614057121904,1.8911754691480072,2.884163298125141,1.1057363124165778,3.220359600860664,2.9204185439252286,1.3602412604988214,30,21,9,0.7115685589532633,611.5812509483569,123.98231589121689,628.8854268074826,477.1784695736208,114.41992188588672,491.59167073574986,679.5278518984941,228.1033874099064,0.3356792319440937,0.2887599770166687,0.1669391689100348,0.4802822794046443,0.24350249538509,0.7365992242218575,0.0968901975873758,0.5125856593826309,0.8056173625008096,0.1596786529107489,0.6179403091384004,1.0110010524994175,0.017289805465821,0.0067345651279705,4.6142753363943765,1.2652990985778687,3.334201263482841,1.0994969815341051,3.4960770186877306,2.556639080418333,1.5503639450742015,-0.0371751608244297,-0.068943183462815,-0.0317680226383852,-5.127190434489307,63.10018349666029,68.2273739311496,87.92749571769332,53.19235600599842,-34.7351397116949,0.0011606021342255,0.0035279102461286,0.002367308111903,-0.0115069182187141,-0.3752863817256093,-0.3637794635068951,-11.803217288801541,3
S_00219,P_061,1.0.0,2.5,3.5,4.8,900,750,600,mouse,macOS,Edge,1440,900,1.5,1017,693,60,58.70061460643417,15.412774057324048,19.563299555500897,19,23.97995752981138,0,0,25-34,Male,24,20,4,0.824511684092625,510.6657438380856,112.0190084657308,517.0188409157969,405.8968763007333,118.71407900225115,422.77533310021295,611.5313978090628,188.62320924428337,0.3084440307072782,0.238990229617012,0.1506530599649774,0.4825159952807856,0.2152149799566209,0.8409272516935941,0.0962052090301049,0.5667949615534975,0.6582617684007726,0.1927203946827619,0.8252652140070935,1.2066012282027168,0.012307973587372,0.0066187230715908,4.079630664327519,1.4924949758712367,2.7974880075922286,0.972920562925878,3.4320282265964948,3.7755120589764166,1.3311911857514118,27,20,7,0.7582677843051396,559.8653448548137,101.52752824109145,534.6979414839949,463.6703968614917,98.34587981526413,476.82949674146647,659.6652841704777,199.50244692501587,0.3024298105604999,0.2563221359918635,0.15298003637994,0.4728111799023472,0.2226191010873767,0.8033791792837692,0.0960064613794758,0.6590631541300211,1.0133514506617862,0.1829820434839729,0.9482028924765568,1.3558889733035748,0.0146242358335554,0.0069431299150494,3.7946153418175657,1.1150466995785018,3.028295633862333,0.989966390204028,3.455410397293364,3.0849708506469127,1.362559396880763,28,20,8,0.7284212546189414,604.3762948648539,120.19224139917024,617.8613560110533,501.1829590064732,104.38209834420368,519.8412944998911,675.3591086191065,231.0124077936592,0.3420586245827138,0.2631684145773441,0.1605370990535096,0.5150232762254978,0.2268866122625307,0.7964304757950227,0.0935947204995869,0.4478328609586158,0.5229891886452311,0.1993605139380194,0.6372066191363801,1.043010255316735,0.0172507851315452,0.0071210353858901,4.237151745036522,1.7242761423894986,2.7947104960199325,1.0614082686592887,3.44884131681864,3.0552993883098445,1.5849602538566483,-0.0662438997874853,-0.0960904294736836,-0.0298465296861982,49.19960101672808,93.71055102676831,44.51095001004023,57.77352056075841,95.28608270573989,37.51256214498147,0.0023162622461833,0.0049428115441731,0.0026265492979898,-0.6905412083295039,-0.7202126706665721,-0.0296714623370681,-10.198399465585121,3
S_00220,P_061,1.0.0,2.5,3.5,4.8,900,750,600,touch,Windows,Chrome,1440,1440,2.0,1298,1237,60,56.23805427074045,19.66765568704876,29.85271130596389,19,14.244828652316354,0,0,35-44,Male,29,23,6,0.7936430334008817,525.3980667795628,98.21733399140513,501.611089967902,446.7544700592324,99.75032520970144,445.7338793928721,618.0011479107334,197.19034024910084,0.3190776277936361,0.2491379764043915,0.1863673484506518,0.495583276324418,0.2492353349198278,0.8499274997878715,0.0964743414555651,0.4800260714397547,0.7402935431553926,0.1853208666323262,0.7249750282181464,1.087344425337529,0.0136629594174346,0.0086496921185571,3.640171249594873,1.3676363556541395,2.8247834087301147,1.1074574252013778,2.924674197178684,4.095051635701922,1.4951894283295313,25,20,5,0.7994842626191137,568.3042504289477,118.51857464079951,562.7612159276424,454.1198830714239,108.75737686904868,460.7586728839131,591.9552552995268,192.6300956470737,0.3254132705513421,0.2750568116288075,0.1295031767960147,0.4698071215450365,0.2259774937887761,0.796471460109487,0.1019306057188545,0.5828876294558932,0.8882715275668386,0.1535063989609508,0.8390488139244034,1.30036721631493,0.0146553728347363,0.0076859827128275,4.184892884498987,1.4791163652935366,2.3444213549469763,1.406166378261233,3.4236114529806767,2.285548374158316,1.4327362504074863,26,17,9,0.6517534784613919,577.4216493312915,119.81979675418742,552.5154703157283,508.9593895858087,105.83319504170846,504.85396730550633,742.7718009660128,204.6428644137728,0.2755124307999095,0.273603890128593,0.1644214566042721,0.5126009845774618,0.2494153722343746,0.7625196681925499,0.0831853039760179,0.4661456559161064,0.7945080662584468,0.1665878280194347,0.7293974045480984,1.1637799705693483,0.0144417299903324,0.0071438633091317,4.502884212523418,1.6819955373459003,2.918147557432703,1.286489291058504,3.441409562538136,2.8536690219323773,1.4340468658837395,0.0058412292182319,-0.1418895549394898,-0.1477307841577217,42.90618364938496,52.02358255172874,9.11739890234378,7.365413012191482,62.20491952657625,54.839506514384766,0.0009924134173017,0.0007787705728978,-0.0002136428444038,-1.8095032615436064,-1.2413826137695447,0.5681206477740619,-10.946073247300104,3
S_00221,P_061,1.0.0,2.5,3.5,4.8,900,750,600,mouse,macOS,Safari,1920,768,1.25,1502,718,60,57.35647272672294,17.12747551579178,22.703670054901306,55,19.616610397647253,0,0,55-64,Male,22,17,5,0.760172929237237,494.1962300465765,118.62527174915252,466.6389577517458,401.213568573664,101.52403330612267,397.9412651093916,616.1203339063908,177.7524430630257,0.2885028025873144,0.2537374949375555,0.1637343565398656,0.5220732736355038,0.2007745709200383,0.7990491281443998,0.1021114605499674,0.5097535716759095,0.8863055243759743,0.1129923842207577,0.7395781548153741,0.9971898776674142,0.0130539160880812,0.0080373395973779,4.001862662190865,1.6831956255458838,2.9146161719942505,1.2321309586778555,3.516305654255969,3.930050112369587,1.3196378464630043,25,18,7,0.7307733465018679,542.248236707377,116.66879416503184,556.8273041595198,445.14007442518346,87.87099424000277,449.9239959704616,670.0785977098262,196.3620925789789,0.2930433731954716,0.2493639769328483,0.1610879933854046,0.478982498032735,0.2160305347611792,0.8205193741475348,0.100828036920267,0.5768089945299075,0.9785048232821464,0.1807766057410506,0.6924402557659235,0.9908199512228844,0.0176497143302793,0.0080904090387432,4.155751003699264,1.3832562370081534,2.8406819160227648,1.4097107960427655,3.32222685657447,2.902786113286915,1.3233281543700957,30,21,9,0.6975129816460544,596.7254371964392,125.48946236573651,614.4708865849675,495.07780537864784,121.95398402115876,498.2088638732908,699.822008453365,223.2220086590393,0.3189696893819743,0.2924406726135758,0.156543540239436,0.5602471878531137,0.1862311782398816,0.7705756986410259,0.1048925538649224,0.5017157342791199,0.8831905729996042,0.1807828340043715,0.6630540783481736,0.7671928284738198,0.0159830313002701,0.0082931154722346,4.715771773289951,1.2754109887517404,3.4667178006053514,1.0715519145862658,3.4658277788058007,2.3934827619045023,1.4290235613870663,-0.0293995827353691,-0.0626599475911826,-0.0332603648558135,48.052006660800544,102.52920714986271,54.47720048906217,43.92650585151949,93.86423680498388,49.93773095346438,0.0045957982421981,0.0029291152121888,-0.0016666830300092,-1.0272639990826722,-1.5365673504650847,-0.5093033513824126,-11.436482788553954,3
S_00222,P_062,1.0.0,2.5,3.5,4.8,900,750,600,touch,Windows,Chrome,1366,864,2.0,841,569,60,57.30534513777778,18.99268052765792,27.829761354837885,49,13.338541300610684,0,1,45-54,Male,25,21,4,0.824691261337819,456.24295289892177,94.93426223256772,450.6041025161823,393.5992451507474,91.9305776835162,393.67225786205694,462.52594427944166,172.37641516592984,0.3726848564883663,0.1711025244728685,0.1245025705180004,0.4435860635818059,0.2128879074878304,0.9075054655109952,0.0739014806372889,0.6092975481338517,0.8983836084362707,0.1310758820927641,0.8347320534852816,1.182241603195769,0.0115190441198207,0.0050812146284213,2.420122288567855,1.1334412830476122,1.892005100599132,1.18549925374514,3.1510278989637115,3.978017203692808,1.483631627126041,29,22,7,0.768306072352747,479.6342028932917,107.01800903506522,473.4121897886017,431.1908371523208,96.0305782837784,454.90408135443846,562.9631665906732,168.10574089754206,0.2986087738485574,0.2350172254951215,0.1455198082963067,0.4027639307301942,0.2132336882837571,0.8654463648579656,0.0798690422149948,0.6411685972336886,1.058229842170071,0.0987970886965071,0.9200412252927472,1.4340526705615022,0.0116896631551325,0.0069592761637421,3.0992182600433487,1.1054654161776791,1.892974170075881,1.1890908060658694,3.2246439911692777,3.0650529861457154,1.165064756348272,24,17,7,0.7151034316427302,465.5042779050261,107.88764297054624,453.9951268037211,424.11448706084246,93.16100395627652,418.3328443119999,628.5987909026915,226.2660077084585,0.3599529795205811,0.260777871123323,0.1061201592080324,0.5007971361668504,0.1913578054251582,0.790817026264605,0.0859516156242228,0.7000245268473295,1.0935282321336302,0.1343583308872735,0.8488235701219143,1.2725747346679412,0.0108678772987419,0.0046159285869107,3.447807583063684,1.2958082801068664,1.8300374952613312,1.1242996577315725,3.6470444055247615,3.030250730485152,1.155676720518724,-0.056385188985072,-0.1095878296950888,-0.0532026407100167,23.3912499943699,9.2613250061043,-14.1299249882656,37.59159200157342,30.515241910095085,-7.076350091478332,0.0001706190353118,-0.0006511668210788,-0.0008217858563906,-0.912964217547092,-0.9477664732076554,-0.0348022556605633,-2.4458487964849285,1
S_00223,P_062,1.0.0,2.5,3.5,4.8,900,750,600,touch,Windows,Edge,1366,900,1.0,1150,636,60,50.69586474606907,18.808951876534763,21.479775659144966,42,20.91398545323297,0,0,18-24,Male,26,21,5,0.8232388929769523,493.6689594975352,93.84711733962344,476.46704706588673,361.4012673563598,90.53157307252964,354.8797055884233,497.09242644146,148.50383096354432,0.2987449075147654,0.1816709118959905,0.145947292893214,0.372738454717238,0.1765836576224403,0.9004364894328822,0.0695990270737702,0.7473324650976104,0.8619973079094898,0.1055098097346062,0.9204912654672096,1.55151012572435,0.0094240534070109,0.0044590693124524,2.173648051578649,1.4247960582174448,1.489593964879672,1.2663977302184402,3.210468623165091,4.036940328662063,1.1734004520161256,25,20,5,0.8010421911193674,425.6951011304564,108.71144844537965,441.1045295791165,398.4190572351361,84.2582543884328,404.81751227303295,540.5174838451424,219.6007012260409,0.4062786270368939,0.203472041289737,0.1074100460754901,0.4323446156793722,0.1537471909805437,0.8469833185464575,0.1004311876522358,0.6714394084838242,1.0298475224510466,0.1176417692201921,0.8865628380716092,1.2671482333600346,0.01049610395599,0.0065920388375457,3.2205938366458056,1.3469760303302505,2.030691067205853,1.246987075252719,3.281357384222229,3.5661479822552464,1.3450356661872758,30,21,9,0.7062970444834943,445.74770302924577,99.1777904782424,439.9390741290752,444.01326482596585,95.45210874106478,422.2352145824808,587.3535124404066,189.54753830424784,0.3227145735737461,0.2113622002080502,0.1628677453890069,0.4657726176920189,0.15720088149246,0.8665924103521678,0.0858570219466706,0.653578954465037,1.1053661809659237,0.164529893665383,0.9280390449116406,1.286187805760849,0.0143246626327822,0.006157874286258,3.2943384362338737,1.2623497714697318,2.202971506593502,1.1296803821893906,3.559276776282266,3.4828560679404004,1.2247457923775278,-0.0221967018575849,-0.116941848493458,-0.094745146635873,-67.97385836707878,-47.92125646828941,20.05260189878936,37.01778987877623,82.61199746960602,45.5942075908298,0.001072050548979,0.0049006092257713,0.0038285586767922,-0.4707923464068169,-0.554084260721663,-0.083291914314846,-1.0659267366143432,1
S_00224,P_062,1.0.0,2.5,3.5,4.8,900,750,600,unknown,Windows,Chrome,1440,900,1.25,958,848,60,50.25013405492235,16.150721132500358,24.851547312213683,50,23.039602641346946,0,1,35-44,Male,28,24,4,0.8409220499467444,435.17018661628697,94.72095349799912,436.5429670429592,379.28567965076405,82.37001669444165,373.0752699069358,467.86176743709535,139.35766955396045,0.2978607769498868,0.1984271273082286,0.1277215895731036,0.4091212644051332,0.2148543893609248,0.9229000854241884,0.082740422668419,0.6404273027217978,0.8770354241617575,0.10004584874172,0.9727785246487304,1.1823339496621004,0.0078754096475236,0.0035722610233562,2.551314912357626,0.707222230060535,1.621364935915552,1.114110534715124,3.0916856469193914,3.951222918202587,1.0650540964284598,24,20,4,0.8245091606234451,408.2717093871119,93.51279126135348,413.46802021471126,373.33890970844766,102.76020688879164,370.9411792094417,553.3992576331543,160.1512177484968,0.2893954329347154,0.1975113563903199,0.1112014165374767,0.4322846519045215,0.1896763967589462,0.8509490951826083,0.0743682883107337,0.6588893251693643,0.8482029679605266,0.1321621899531076,0.9110338385192396,1.4857272930560257,0.0148884926009547,0.0052669319818944,2.842013130239115,1.374576368627401,1.8177124149336907,0.7763529122011187,3.580725996719714,4.211067950584223,1.123034708008224,25,20,5,0.8050550949376022,486.1482853704995,102.16526238313293,500.7977483568024,392.4027071301932,107.51757977936226,384.2176792724738,562.0103816758698,212.42156192365823,0.3779673273832312,0.2145018022846368,0.1364478445562585,0.4625961421018728,0.2153565460900904,0.8432146817287736,0.0788103374829483,0.6332699846951165,0.8814252845676549,0.1305895399187885,0.7998433536641201,1.196153662180497,0.0117094707641169,0.0052986990494363,3.0168758923382963,1.1774195410958073,2.145649937016356,1.3228902104239553,3.58335692018671,4.216648350168004,1.009382584582588,-0.0164128893232992,-0.0358669550091421,-0.0194540656858429,-26.898477229175118,50.97809875421251,77.87657598338762,-5.9467699423163936,13.117027479429169,19.06379742174556,0.0070130829534311,0.0038340611165933,-0.0031790218368378,0.2598450323816359,0.2654254319654172,0.0055803995837813,0.4195215472345146,1
S_00225,P_062,1.0.0,2.5,3.5,4.8,900,750,600,touch,Windows,Chrome,1920,900,1.0,1311,748,60,43.84132998388706,12.863352676505258,16.00937917328975,9,13.748005074899876,0,0,25-34,Female,27,23,4,0.8595238238097799,458.0091151837418,88.49792235621292,464.98031612876287,374.50878881523073,94.34525398985215,364.60795966224606,538.2112409315515,165.57426057207272,0.3076380572904647,0.1834428636001019,0.130977700673713,0.4866062281025248,0.1779276297529367,0.8685415506955801,0.0769789900325053,0.7083522483698236,0.7129616806614578,0.1200778633213875,0.9977497926671268,1.268815173587794,0.0105579666831281,0.0082482903325101,2.8299083584340967,0.7799456495833235,1.4465121246346642,0.9706425800960604,3.079426113768152,4.125730211402922,1.076656827038292,22,17,5,0.7742375821474623,447.1498075978019,99.12761659023865,442.0327909452725,390.1890742857272,72.82145156676475,389.1895693496304,545.6713404095518,187.04596933174852,0.3427813694436688,0.2166280522474994,0.1275959876039405,0.4529531186203213,0.2098267593686676,0.8748372760658023,0.0841428687146487,0.766154524845003,0.9407709658981638,0.1110702352222097,0.905345852597448,1.1992743732785502,0.0077798977742052,0.0054865740592123,3.0747024699645085,1.2161854246896726,1.8165390110935893,1.0293083342917717,3.338460871886471,3.979822123724167,1.024618133551268,24,19,5,0.7757932292782522,457.8712177957392,101.56253333843972,432.38631977172855,395.4754137622234,95.04150045258326,410.5127464893552,554.7934200442689,192.55977040848725,0.3470837314420965,0.2408994919329704,0.1224063347137008,0.4584174992915286,0.1579236196616748,0.8044887448202497,0.0659291907048276,0.6547115917079298,1.0014403755455952,0.1503701453974433,0.8960060819515508,1.3774409679536352,0.0132697230699312,0.0075325655531961,2.85575132994592,1.1580569282307194,2.155154784187574,1.1502908491864587,3.2688788006010885,3.7443372018627903,1.205109387454815,-0.0852862416623175,-0.0837305945315276,0.0015556471307899,-10.859307585939971,-0.1378973880026706,10.721410197937304,15.680285470496472,20.96662494699268,5.2863394764962095,-0.0027780689089229,0.002711756386803,0.0054898252957259,-0.1459080876787548,-0.3813930095401314,-0.2354849218613766,-0.21996848781419395,1
S_00226,P_063,1.0.0,2.5,3.5,4.8,900,750,600,mouse,Windows,Edge,1920,768,1.25,1507,608,60,51.427895797642286,13.04746921621145,19.83162399375239,0,27.24113632723453,0,0,35-44,Other,27,22,5,0.8317098729544994,428.3064596803671,80.317045612011,430.8794971150163,375.9272791225155,84.42658451238424,362.697321829791,557.8437073816585,131.35684064367967,0.2354724789497528,0.1318677408896226,0.1401896438614458,0.449967810628633,0.1820796870908846,0.8924226281915074,0.0874043743632393,0.7559292665082988,0.969427188597252,0.1360647994716143,0.941007905809777,1.327540570934516,0.0099948131597543,0.0049879506396174,2.195977902285225,1.6162997230045342,1.456129143288313,1.0511003140672834,3.2869698764699917,4.302173447659419,1.1778319510406496,26,22,4,0.8379890180257501,413.08709559153607,98.7684357355204,421.2576919327013,408.9459218875493,93.21212012366608,417.3477642005724,548.3496213002612,155.8380294899733,0.2841946514350571,0.198577273747107,0.1124338389714932,0.4070894544778432,0.1601589668740839,0.9092769930160264,0.0793878201994286,0.6606218627092462,0.8380316307402245,0.1383711168228751,0.8905663037571543,1.076373608723092,0.0108461578811259,0.0058074206490898,2.56635882547825,0.9912194917603032,1.7864033888795388,0.8831809878731102,3.228745373640065,4.057924173491627,1.4110426581823117,27,22,5,0.828977104122225,453.4511015686194,116.07140328218128,450.0419643230819,422.5598080552481,101.64074957031464,426.6790146497698,594.3519035632703,193.38480437789477,0.3253708841824352,0.1826579621589773,0.1144653101425609,0.4826677151269953,0.1824962270287012,0.8371677272727208,0.0709596591109622,0.6540193512609401,0.8924582379180275,0.1412787300727613,0.8467130762135462,1.3339424294130204,0.0130529823507508,0.0060919375131805,3.8814866817654528,1.2642377815517272,2.509843875413605,1.0316950262483957,3.4310254467982464,3.098451087032558,1.1133169799358436,0.0062791450712507,-0.0027327688322743,-0.009011913903525,-15.219364088831014,25.14464188825235,40.364005977083366,33.01864276503386,46.63252893273261,13.613886167698752,0.0008513447213716,0.0030581691909965,0.0022068244696248,-0.2442492741677915,-1.2037223606268608,-0.9594730864590691,0.1515933767315426,1
S_00227,P_063,1.0.0,2.5,3.5,4.8,900,750,600,mouse,Windows,Firefox,1536,1440,1.5,1373,1260,60,54.538168195373096,19.49120724014145,24.47945437181287,1,12.267443521579798,1,0,18-24,Male,30,25,5,0.8270627931660265,471.4980060560783,95.25144832286716,465.474721918548,385.6629240120189,93.74319789918373,390.9926541025021,505.2789657445159,181.14951204698377,0.3585138593293004,0.2251921459377829,0.1082247647124884,0.4455035229997619,0.1810849826015968,0.8825739942584916,0.087497650542125,0.8261240687707676,1.0399520505335065,0.160808233127185,1.0141122132361673,1.4441518320936768,0.0110618636178355,0.0065979570168741,2.9562654644111483,1.5272838063594525,1.789768770568748,1.043271103292039,3.1576721063414737,3.22417851273847,1.30430513437198,23,19,4,0.8179826230230512,458.3316983240081,109.2722528470792,482.0865641395674,404.1194594363342,94.0148867895632,403.0664749355391,572.0450469280294,178.39116484244065,0.3118481067189181,0.205338121273203,0.1278882670185271,0.4990214099484072,0.1784880073895043,0.8860132206822057,0.0786795486667087,0.6417534152951159,0.9602981956755036,0.1362272682806135,0.9664534929331604,1.3982352604398611,0.0118988851001423,0.0078743840924289,2.785986811361594,1.1875271599697932,2.400330789270384,1.235761182990525,3.368393282773318,3.423829247376982,1.1377512877161864,29,21,8,0.7359068810673383,485.18118985302976,101.79197428828049,462.47927016412086,417.9651371325102,105.40680309175148,401.75425991566544,620.9297211464882,184.58215367571052,0.297267383714371,0.2173796976778493,0.1674601558446096,0.4514898350172852,0.1789970017096576,0.8155564931908337,0.0828424087030763,0.6174407146940514,0.691308059643108,0.1542543987095544,0.8761262803755665,1.3282872419281624,0.0129875587243122,0.0054814092747862,3.6056687665364335,1.0381313347520151,2.862840838481233,1.1069496507558103,3.379478263566705,2.607271067546724,1.0805093980387623,-0.0090801701429752,-0.0911559120986882,-0.0820757419557129,-13.166307732070152,13.683183796951482,26.849491529021638,18.45653542431529,32.30221312049133,13.84567769617604,0.0008370214823067,0.0019256951064766,0.0010886736241698,0.1996507346385119,-0.6169074451917465,-0.8165581798302584,-2.449223708564034,1
S_00228,P_063,1.0.0,2.5,3.5,4.8,900,750,600,touch,Android,Chrome,1366,768,1.5,842,706,60,57.68772858731187,17.883695193989777,27.259398307480303,34,29.716662608438572,0,0,35-44,Female,27,24,3,0.886915334076681,427.9484339962484,85.86257131559492,436.553545874196,401.6716689160341,77.93345660643709,410.6851390367081,632.834311241647,177.53151157208956,0.2805339540199162,0.1721707741459286,0.1029256468627127,0.3789282722721356,0.1864968769607194,0.8877285160346766,0.0974652791171539,0.5870824447966737,0.6780366644879416,0.1221635824849511,1.122363933728692,1.6052493090883175,0.0110146590642614,0.0050028061112878,1.9114166716306071,1.2533158774809896,1.88405400416064,0.9805979511619104,3.142934949852582,3.758977741975429,0.9875131362168512,31,26,5,0.8378829229151586,435.5005746959815,96.06811254799742,436.086746281724,405.3734432822752,86.00719488494443,393.636627024272,535.0981624363568,172.98748798837022,0.3232817829176247,0.2376938627676293,0.1051700397743152,0.4687363294457974,0.2046468113974796,0.8553660649903735,0.0811019887962925,0.7580668256089539,1.006405378278631,0.1406361440369446,0.8736701556471299,1.246332434254088,0.0131016363716885,0.0059524243609032,2.155998606764611,1.34825997692625,1.770364518574571,1.182534743663999,3.319801290240995,3.990989835288389,0.9919078900845828,23,17,6,0.7285966081885131,453.4067270434384,115.36865868786732,477.7880707851084,441.8941089412128,104.4170254439047,444.2805169293271,600.2655502929388,196.5819448521713,0.3274916322554848,0.2214233328228725,0.1305175903234846,0.4936446879280874,0.1656609400398682,0.8232920079923586,0.0560140460556716,0.5143016288598425,0.8320448270466142,0.1445980093994045,0.7964863577440107,1.1385325367104686,0.0127015319213175,0.0052391219040014,2.67179118649678,0.8519144462161727,2.561502566485172,0.9496595447767008,3.6294323970902376,3.017474091518287,1.187404948147671,-0.0490324111615223,-0.1583187258881678,-0.1092863147266455,7.5521406997331155,25.458293047190068,17.906152347456953,3.701774366241125,40.22244002517874,36.52066565893762,0.002086977307427,0.001686872857056,-0.000400104450371,0.2320120933129597,-0.7415036504571422,-0.973515743770102,-0.8623019466066034,1
S_00229,P_063,1.0.0,2.5,3.5,4.8,900,750,600,touch,macOS,Chrome,1920,1080,1.5,1158,1007,60,48.85189243560266,20.507093584384112,31.48473981430618,31,17.78038053359213,0,1,45-54,Male,25,21,4,0.8520224695223901,409.5994622293224,81.12799958474776,397.8971443301298,375.0396095762661,92.51875044361248,379.19697215175376,473.699861841462,145.81008592505512,0.307811121916381,0.1818101550197368,0.0844546714032487,0.4565504064920662,0.1707593602681258,0.8939455320927499,0.0608717193146678,0.6642130550957923,0.6855315576170268,0.1377957507800956,0.9519258636883858,1.3876216067038212,0.0098323166139023,0.0063370730991159,2.373041887479128,1.133010491145944,1.706779296959041,1.0614160377659898,3.2648177631827044,5.288523596666585,1.3325300258874853,31,24,7,0.7671625207706824,432.5382457640362,91.4388137299123,413.33628855188624,368.7719527821389,93.66309538120234,396.8166923455003,484.45387386141664,201.4133683645913,0.4157534478137083,0.1950628293202737,0.0974027604346921,0.4400300479448212,0.1563107818350222,0.8542745878059775,0.0641598010595961,0.6410760954940382,0.841115692759003,0.1517859471908068,0.9656234160174584,1.4114020214087724,0.0108985341133612,0.0066914471435732,2.3986109239052427,1.027178420044391,2.0365763440388776,0.9244602287751088,3.317923122745576,3.8870733399939055,1.268307268964766,29,22,7,0.7443403115304591,424.9191490399493,97.19400524493516,438.3735512384687,420.4218788501447,105.51276417582469,432.7947690466005,543.8222357107617,164.24380436922783,0.3020174490558765,0.221345511826564,0.1164736323557243,0.4810175763313129,0.1873145867952612,0.8393461180650149,0.0632659600541789,0.608195854554097,0.9720635311232814,0.1350004385348196,0.7782105842668043,1.2494090212475528,0.0117112985978856,0.0069312350388305,3.0686527433064144,1.1182757204605098,2.569256289938824,0.7197585829531099,3.699133176944663,3.228746088822942,1.1046451858279456,-0.0848599487517077,-0.107682157991931,-0.0228222092402232,22.93878353471382,15.319686810626932,-7.619096724086887,-6.26765679412722,45.38226927387859,51.64992606800581,0.0010662174994589,0.0018789819839832,0.0008127644845243,-1.4014502566726788,-2.059777507843643,-0.6583272511709644,0.44597547939593923,1
S_00230,P_064,1.0.0,2.5,3.5,4.8,900,750,600,touch,Linux,Chrome,1536,768,1.0,1008,712,60,60.0,19.257894508859884,28.339413384588827,12,21.37757843374117,0,1,25-34,Female,29,24,5,0.8170404287149944,387.1414860277309,81.82840208189593,384.7294688399194,308.887683065614,82.7720008617476,306.4154858555131,585.1765421440077,152.51203999452508,0.2606256898742755,0.1880893807300925,0.0774427388867256,0.4254357643327344,0.1719419184548234,0.904270095087032,0.076543911632447,0.8356510989827357,1.1162636348694444,0.0917340114119711,0.969802075272566,1.442371199352272,0.0094128284268988,0.0038403489577573,2.365432563392751,0.8576960525955275,1.6168887158213912,0.7445125852639309,3.157777739798841,4.455305454075374,1.2334603404529565,27,24,3,0.8919152358806783,478.6296712736317,90.08266893328278,456.0998184791133,338.6979045784388,96.00560583770964,348.38801074758953,511.8966013853296,170.61550414929124,0.3333007167610801,0.1930093031946753,0.0819654195531647,0.3868222470756393,0.1796454539711044,0.8675209901422082,0.0597347411092294,0.7167853536918843,0.9525087729570318,0.1229547520218646,1.0199646304878782,1.4398123343503813,0.0087893855978057,0.0049599941510715,2.77069131116416,0.965527550548256,1.5468836922944451,0.6047695769164132,3.315697929484815,4.406833076967879,0.7092994102006076,23,18,5,0.7645743343636651,403.5061637997252,104.2150440941132,432.1914329014259,379.813325948041,99.90947819783902,377.5594661586088,529.9425777688531,184.15936509839997,0.3475081505504647,0.2244641446034859,0.1052642201846027,0.370264787803354,0.1903711082385996,0.8500806145076765,0.0733774625477523,0.5803155980054545,0.7945185656254087,0.1183069077945522,0.8567781896140542,1.1863107750090214,0.0107776949113222,0.0049007238171393,3.02342638048747,1.1252789519807351,1.7627568629572294,0.781147148797691,3.415771214431052,3.707382933766333,1.0932309206240258,0.0748748071656839,-0.0524660943513293,-0.1273409015170132,91.48818524590077,16.364677771994252,-75.1235074739065,29.8102215128248,70.92564288242704,41.115421369602245,-0.000623442829093,0.0013648664844233,0.0019883093135164,-0.0484723771074948,-0.7479225203090407,-0.6994501432015459,3.6931746432618944,0
S_00231,P_064,1.0.0,2.5,3.5,4.8,900,750,600,mouse,Windows,Edge,1920,864,2.0,1570,747,60,60.0,16.375318080563677,22.192042741628825,25,21.569919689026108,0,1,55-64,Other,25,22,3,0.8614270639522627,370.533033528824,84.61993132423399,354.0481427640931,370.1267139826563,100.57116148963354,370.5683802144516,520.8028630967044,144.439720751392,0.2773404890529028,0.120092832043868,0.1126953000679784,0.3723640804297026,0.1863554980861403,0.8521396025577964,0.0693508481032981,0.7394305440982352,1.03411400418781,0.1125395690714255,1.113272391650443,1.6986919370218103,0.0083223441624958,0.0072838273688337,3.076972970249215,1.1101030654010011,1.6508297873793207,0.941018344531782,3.1032500917763954,4.260652878769125,1.2490610410165914,23,19,4,0.8175624217446484,401.3151602539545,86.67929382156566,403.77298858447824,384.61219429327576,81.51469225298894,373.7917634756368,534.6143712436127,169.25889465368985,0.3165999714148388,0.2087484539943387,0.1303555283797427,0.3828411712647471,0.1518080811047782,0.8611771389950716,0.0803039052407853,0.7642753666773785,1.022083469780867,0.1595622799954437,0.9030909439232512,1.1724541457813356,0.0100903116453042,0.0048571901754143,3.0758541835123587,0.580917357874277,1.6661381711085856,1.1808041111968013,3.273152227839621,4.467146831234816,1.3808152769065238,24,19,5,0.7791996475675772,486.48841878770935,120.29727720000362,480.4570581795523,394.0875327993645,103.81506414777928,379.8769317588971,559.1623497667899,176.25861063729883,0.3152190248696306,0.247180437397347,0.1080760648665045,0.4853885711563616,0.1787456994850036,0.8695067721217496,0.0682537177839191,0.6124975638145821,0.9650359320341824,0.1192815678894008,0.9197222222695366,1.501983607213518,0.0095115871936942,0.0060765569796559,3.424790546462851,1.129702007198773,1.785081001413929,0.8986410535383,3.358222032028892,3.623841945381195,1.0096568211042638,-0.0438646422076142,-0.0822274163846854,-0.0383627741770712,30.782126725130468,115.95538525888531,85.17325853375485,14.485480310619437,23.960818816708183,9.475338506088749,0.0017679674828084,0.0011892430311984,-0.0005787244516099,0.2064939524656903,-0.6368109333879302,-0.8433048858536205,1.9518413480349373,0
S_00232,P_064,1.0.0,2.5,3.5,4.8,900,750,600,mouse,Windows,Chrome,1440,1440,1.5,885,953,60,60.0,17.469717007982386,22.19487407553652,11,10.20701695294342,0,1,35-44,Female,24,21,3,0.8751255512023851,380.2807402670076,94.43296680250936,385.1042927902116,341.6112280080092,79.74781273830138,335.5225189758915,533.6077122420204,165.66592384221838,0.3104638858125794,0.1569294125865558,0.1350227953572483,0.3741931710766571,0.1559922177175717,0.8911812013060603,0.0858889325146538,0.6781250050872923,1.0351031023839308,0.1097469140887723,0.9654293734233114,1.4801003283755003,0.0078801793554812,0.0078277689530065,2.208808244062701,1.138386900697527,2.033917904451873,0.9664998556045516,3.3783303317626068,3.859096126915584,0.9649243638628444,25,22,3,0.8773695323387717,435.76798191191824,96.82918485602904,419.85211427660033,369.8945690347051,70.19127017973372,352.58813000454086,491.7863649963035,169.83576709931137,0.3453446032416696,0.1878828792010417,0.1117884083665288,0.3865024914387125,0.1320679907084359,0.8496896378903748,0.0836833123650093,0.6343014829312639,0.7786677665303033,0.1312027890611231,0.8938709928336018,1.1624137643714658,0.0104069178726183,0.0058247355383867,2.1005745802082245,1.1366071431675535,1.8707028254874067,0.6766738150820781,3.352226446408374,3.931897460119092,1.0499011969914005,22,18,4,0.8092193235002837,444.9190924399621,106.92825132039836,433.0568826763569,407.2507778717365,98.7616219128634,394.0415751864636,567.3829755863882,156.52248649369952,0.2758674356274685,0.1930213708425029,0.1066167146531127,0.441667020488777,0.1779966311700491,0.8207981785191018,0.0955080150380601,0.6605096605855569,0.9095871250586164,0.1258268738424443,0.8545543468617454,1.1856088712764212,0.0119655116847974,0.0054551887027612,3.509527336694596,1.083156689575752,1.9712676172969847,1.0943730155839964,3.45834012566062,3.8794702645855295,0.8394572091369846,0.0022439811363865,-0.0659062277021014,-0.0681502088384879,55.48724164491063,64.63835217295451,9.151110528043889,28.283341026695894,65.63954986372727,37.356208837031375,0.002526738517137,0.0040853323293161,0.001558593812179,0.0728013332035075,0.0203741376699455,-0.052427195533562,2.182858162605113,0
S_00233,P_064,1.0.0,2.5,3.5,4.8,900,750,600,mouse,Windows,Firefox,2560,900,2.0,1685,543,60,56.04550047087489,15.842408351191477,22.49225799952015,9,12.773529292082223,1,1,35-44,Female,22,19,3,0.8454067597482323,400.5999408981714,103.5221381750475,392.113141262053,321.2630860933048,88.51023973051606,330.3697253880761,506.4081817645455,147.1405479164768,0.2905572090162038,0.2124020102249466,0.0919491177440127,0.4186709196406859,0.160924799893286,0.9028296476200652,0.0802501761897842,0.784202528394357,1.120376663753058,0.1007605986008408,1.1809778005357847,1.6142917205834455,0.0086371346745883,0.0059371041917617,2.664428109948604,1.264871655570158,1.8145903287428096,1.1530310006216071,3.330225651440395,4.113087136694341,1.3759426854384185,28,24,4,0.8578320471586004,428.8612458736986,93.76272505084664,433.7177117956183,365.03268645197,71.35823507214009,346.669525017015,571.7890674027864,142.82315509724717,0.2497829413667995,0.2077466722648554,0.1144769838206724,0.421291167777152,0.1844881061495925,0.829197342245791,0.0772031461672775,0.695448954926674,0.955102830674616,0.0992814880108654,0.9781277376147416,1.4870999870240549,0.011274124793961,0.0055023758877372,3.7277109004086255,0.9613978026647232,2.077817289599002,1.008389310973471,3.621846942451016,4.185097730447123,1.1499078565865923,30,24,6,0.791574609748332,434.23576471348974,94.56459436216456,438.37078286295,416.7680273007839,98.91728430085467,419.2488459410626,611.4051829848142,154.6370105715517,0.2529206733522122,0.1886305113642457,0.06469928007705,0.4881118671039239,0.1726967530868501,0.8505789216063893,0.0762230546588317,0.7016340795131039,0.9364238015722158,0.1512295044802687,0.9242895644652336,1.324945657948429,0.0148302334281428,0.0041071392856748,2.9527413168917973,1.1859102026187165,2.1062680036668717,0.880157525726655,3.4037925573384684,4.093240424270795,1.049126406554688,0.012425287410368,-0.0538321499999002,-0.0662574374102683,28.2613049755272,33.635823815318304,5.374518839791108,43.76960035866517,95.50494120747908,51.73534084881391,0.0026369901193726,0.0061930987535545,0.0035561086341818,0.0720105937527817,-0.0198467124235461,-0.0918573061763279,2.166292856766434,0
S_00234,P_064,1.0.0,2.5,3.5,4.8,900,750,600,touch,Windows,Chrome,1440,864,2.0,1281,671,60,60.0,13.13762803317084,20.220571064620835,2,23.21417538836564,0,1,35-44,Male,25,22,3,0.8811083174161374,339.91103415761154,82.4969641893696,312.97657991564074,267.0661749589416,78.32418523414819,278.252665638503,477.9850001301752,150.88183441217382,0.3156622788813089,0.1394657867224034,0.1087178047491535,0.4063685129011815,0.1527943865948564,0.889128063601709,0.0822986385624411,0.8370914601387386,1.1547422319362155,0.0822664877209525,1.13855140768395,1.7949152541772155,0.0074266165749596,0.0048987837349568,1.3369274631379164,0.8169498067230969,0.8797747016682993,0.8468081612542668,3.148883157091271,4.996352941580954,0.7868585296638293,30,25,5,0.8498009765135183,376.9467515524277,70.98431595209178,374.67307693760586,321.6184910067569,82.88204099271096,341.44569108585193,507.1296003460615,149.58322213859208,0.2949605427025312,0.1664709853622285,0.0586843354817833,0.352889643119637,0.1482827374810927,0.9193812717152116,0.0733156238359647,0.7721504692562116,0.9112334893423796,0.0859605217113528,1.0589367598509447,1.5140401545790585,0.0091220432225332,0.0065138482432541,1.7300190353219882,0.9967321951882652,0.8741931003523186,0.8628527594084031,3.540405982003295,4.141344742834868,1.0469633865692658,26,22,4,0.8642382556557467,387.8146427391957,95.97842790428788,364.1201665670666,360.5025998280779,95.92804826142412,381.789992141094,537.9143301953526,178.22293163529065,0.3313221485855675,0.1602044897357755,0.0767992476239232,0.4328916954726001,0.150031582616988,0.8813100367243949,0.0711501796567182,0.7274794955138034,0.957025611527042,0.1303394633420178,1.054776162559493,1.484853766512639,0.0098140690797192,0.0060437280877066,2.594081420401225,1.037904985361314,1.655654670806888,0.92065356814265,3.209248159041237,4.098331097782453,1.1666710947098653,-0.0313073409026191,-0.0168700617603906,0.0144372791422284,37.035717394816174,47.903608581584194,10.86789118676802,54.55231604781534,93.43642486913632,38.88410882132098,0.0016954266475736,0.0023874525047596,0.000692025857186,-0.855008198746086,-0.8980218437985013,-0.0430136450524152,7.7678098734206165,0
S_00235,P_065,1.0.0,2.5,3.5,4.8,900,750,600,mouse,Windows,Chrome,1366,864,2.0,1257,673,60,60.0,15.935390131465931,20.132755960749098,7,29.707474532268527,0,0,45-54,Male,28,27,1,0.957930800630522,443.4837394957027,91.87722162625204,420.0945411862823,362.4841893362438,96.85980512348095,366.107323661132,452.65582583062,176.5209081050296,0.3899671627579631,0.138751242357079,0.0847861599261833,0.3605471230933716,0.1627301550553027,0.8622753598550599,0.0583479466697046,0.7274507330659007,0.8339396954068926,0.1266063180910998,1.023674965053195,1.4602282531936124,0.0092371034500017,0.005061131000764,2.482785473461949,1.144010395142668,1.3384319633285566,0.5534036413567636,3.278098758860269,4.2580205624542575,1.0472280824181883,25,22,3,0.8625013253487689,366.0650158308291,90.74621723358256,363.195224276872,351.9546341017699,86.3192080625528,359.7832923352476,528.1015242200326,150.7037244436561,0.2853688496094279,0.1545453044357468,0.1188507558972367,0.4368090816479403,0.1774820438095633,0.8738189800548392,0.0532843838661343,0.8026521813019165,0.8180404884072804,0.1290793096789856,1.1409261705266984,1.513346137718164,0.0101726577479585,0.0056472250401439,2.406799799235275,1.5237035148941824,1.3610025894466262,0.6964402842569404,3.270874839976072,4.94876780216685,0.9036541222327752,24,20,4,0.8348649248260415,452.3488359299519,105.02363163780828,431.0790403912901,382.9203182677066,89.68684153766934,381.1536915809807,528.3283333869899,215.241841083592,0.4074016619622247,0.1899839896568864,0.1150209019002008,0.3882901956471168,0.1680144496730363,0.8394208001754625,0.0794358947637483,0.722655324525801,1.142695141201,0.1605094684935744,0.9475682459316578,1.1559103245562998,0.0101351486566267,0.0055706420665523,2.71864730872612,1.1051661362623375,1.6994189533642563,1.1776330998419655,3.263097426652017,3.640813931185453,0.8286195472849304,-0.095429475281753,-0.1230658758044804,-0.0276364005227274,-77.4187236648736,8.86509643424921,86.2838200991228,-10.52955523447389,20.436128931462804,30.965684165936693,0.0009355542979567,0.000898045206625,-3.75090913317163e-05,0.6907472397125929,-0.6172066312688047,-1.3079538709813976,4.3060443169901745,0
S_00236,P_065,1.0.0,2.5,3.5,4.8,900,750,600,touch,macOS,Chrome,2560,768,1.25,1548,630,60,58.321214282126185,17.74525532852249,24.497522584018604,14,12.615144116203624,0,1,45-54,Male,23,21,2,0.8937778502037212,370.2639977266824,86.47380992396035,363.82167027747016,306.870602354334,88.43349412320747,328.9122456152272,479.2639675289856,167.3549798602375,0.3491916588745344,0.1723783300647556,0.099680857832985,0.4527053741085817,0.1580188643064025,0.8597304790902451,0.0779375640597074,0.6637929848177256,0.8140191614047492,0.1192753396537779,0.9836382916244776,1.42072971778742,0.0069448844373431,0.0061994967418883,1.4623331058337017,1.3319296651169652,1.3279014877190891,1.2073842120575835,3.0739231566549887,5.335816963718861,0.8575033405398699,28,22,6,0.8013723343524889,405.5385849605596,99.28207948903122,393.6767572711306,374.6051776764608,92.21229532406296,384.4483923439288,537.8754272092999,163.50776004968165,0.3039881574401371,0.1640358751246622,0.1104074161013112,0.4099508946115855,0.1951401846589036,0.8654719506161612,0.0677939909222534,0.6877867305708499,1.1654085469279505,0.1059666058658774,1.0766770045085197,1.2719688794842945,0.0106419691685427,0.0056035261162567,2.872059085640544,1.2858791084433543,1.6750753719361278,0.7937373217573678,3.563744245865289,4.079217507032851,0.6609939414127879,24,18,6,0.7493389542792225,452.1533916875771,115.32590798941924,482.752801763857,364.3946546298927,94.64034009931612,345.84857104184607,516.2730227109859,187.3772481016493,0.3629421640466863,0.1978287165605218,0.1589635670108314,0.4405768773340506,0.1739341098154326,0.8446546376565042,0.0692633014993268,0.7292121830349984,0.8401288766437037,0.0951810863443074,0.9343847045207224,1.4067192626200944,0.010650868092453,0.0055275072619494,2.218433173779724,1.2807360055840924,2.092081248594468,0.9050981714675884,3.509309468183736,3.3223977729641394,0.7988185090771558,-0.0924055158512323,-0.1444388959244987,-0.0520333800732664,35.274587233877185,81.88939396089472,46.61480672701754,67.73457532212677,57.524052275558745,-10.210523046568028,0.0036970847311996,0.0037059836551099,8.898923910325221e-06,-1.2565994566860097,-2.013419190754721,-0.7568197340687117,2.989451401195408,0
S_00237,P_065,1.0.0,2.5,3.5,4.8,900,750,600,mouse,Windows,Chrome,1920,1440,1.5,1432,1198,60,58.726891781457134,17.342665166671537,24.271656886506868,41,20.852875217995244,0,0,25-34,Male,29,27,2,0.9301807139978624,422.2413865323491,63.57161524737918,385.5455621434479,337.70694639172524,86.82561312251417,358.586275704472,477.671859520761,162.1317878957153,0.3394208485682597,0.136083183110145,0.0486191981236587,0.4028360116151166,0.1653897722597532,0.9292486034730224,0.0715935280026586,0.7501223582538369,1.0838436589302567,0.1270558342349392,0.9684604820987912,1.4601352960353442,0.0078559418119065,0.005335792879877,2.391797790428279,1.2328815240056958,1.5551301099966568,0.6817796260159319,2.9194617936147127,4.60780975460253,1.1435834202290365,24,21,3,0.8643592778205514,409.2071017535297,89.13650030977293,404.5705741014544,330.4853838876932,91.79578476252608,320.3297063866274,497.5292710155092,168.34418360203173,0.338360360704856,0.1432471489971142,0.1099863838424362,0.4067770932177691,0.1915700836604192,0.8724490065717845,0.0818793578953142,0.7048996723488365,0.7292317580978488,0.1138746991068049,1.001845880242893,1.3744715057961687,0.0100874683102111,0.0048128170737849,2.2339988630073258,0.8385854863139892,1.0406539384224935,0.8765988907465935,3.208219537625283,4.691536803130976,0.6705931384705429,24,21,3,0.8571129725248376,431.3851157810912,97.37072803604846,424.9899142315188,389.1575965708861,90.48611151671868,401.257151091464,565.6087917217925,149.5681483310025,0.264437453094914,0.2188227046855225,0.0985494550416458,0.4354634056686336,0.1558732680980421,0.8722395141859182,0.0756828198357507,0.6673713985773543,0.8753830511003449,0.1318222828296521,1.1148586847423168,1.2672954311953717,0.0131028658237495,0.0058873765632404,3.307414594270166,1.1896676142684002,1.8866445381852848,1.1018962171466478,3.518465323652394,4.085828961193297,1.2121236109954563,-0.0658214361773108,-0.0730677414730246,-0.0072463052957137,-13.034284778819426,9.143729248742034,22.17801402756146,-7.221562504032079,51.450650179160846,58.672212683192924,0.0022315264983046,0.005246924011843,0.0030153975135383,0.0837270485284458,-0.5219807934092335,-0.6057078419376793,4.869041052614495,0
S_00238,P_065,1.0.0,2.5,3.5,4.8,900,750,600,mouse,Windows,Chrome,1920,864,1.5,1525,532,60,50.60915795526992,15.04486247659536,22.569879831851956,14,14.887065376526532,0,0,18-24,Female,24,22,2,0.9230556252278308,328.2429911849258,73.63864729671529,319.91969034061003,331.1822010430832,86.94061104244835,349.7104125853038,466.6517612827705,144.53895235475727,0.3097362194828897,0.1613005785623177,0.1060304160257391,0.4046980705305794,0.1630197893115668,0.929477422616548,0.0895685270492369,0.7028536881899107,0.9582670334215349,0.1212727540411725,1.0644086160444983,1.3532320723941458,0.0089135841813732,0.0036821851121403,2.078293647346833,0.7610679444499019,1.5852154025854577,0.6666549243929123,3.2244549762152004,4.812297195587781,1.0012260973767413,25,21,4,0.8398820539970218,394.67939934950095,98.105007613193,401.0485253474247,348.3825563427309,80.6708369783415,336.13743114827406,510.00624846818505,149.52504127431826,0.2931827633944093,0.1761118079731808,0.1004922309054008,0.4504032003969573,0.1644191184049097,0.8503757194298378,0.0776427666320105,0.8180528975281425,1.2116846042736926,0.0952541953593254,0.9746246872220904,1.320022210617373,0.009703463565662,0.0056466052839303,2.188309995664894,0.8700039192341408,1.8983618143284413,0.6651332975587096,3.199682518843861,3.945155382261839,1.081678379330555,27,22,5,0.8279457484761144,413.1087701986889,86.83232933123539,419.7672845307423,373.0040084686071,94.9979178761727,393.1927080680597,556.8377515525048,163.97107032693012,0.2944683076349739,0.1876209898001957,0.1287870591578588,0.367729831706465,0.1717629090783695,0.851605269798804,0.0644685844990076,0.665398309814077,1.061923926072231,0.172971339414451,1.0269664680067596,1.65984721817083,0.0103342889665017,0.003685559360292,2.6329017953368843,1.2141004125714394,1.3023966815406882,0.7045551441474351,3.361690736048069,3.973375985775691,1.0239894485751666,-0.0831735712308091,-0.0951098767517165,-0.0119363055209074,66.43640816457514,84.86577901376307,18.429370849187933,17.200355299647697,41.8218074255239,24.621452125876203,0.0007898793842887,0.0014207047851284,0.0006308254008397,-0.8671418133259419,-0.8389212098120895,0.0282206035138523,5.397495722562147,0
S_00239,P_066,1.0.0,2.5,3.5,4.8,900,750,600,mouse,Windows,Chrome,1366,768,1.5,895,692,60,54.24881086102593,18.220750040137148,24.142188827964358,7,17.339543489305044,0,0,35-44,Female,28,23,5,0.8381148646142837,349.9269893161089,79.8756072676267,366.3997000545122,333.885082838446,81.66076000866437,335.352771253642,509.2782491572537,142.23296020912363,0.2792833985046262,0.161095191536074,0.0879425874668162,0.4045563095458219,0.1695270222732497,0.8740160114858115,0.072453835829714,0.7460734696825556,1.0297948980689702,0.1143712292949462,0.9594726884563264,1.4240193871462337,0.0095854694346112,0.0046758633679706,1.7232312527175644,0.9504582625763832,1.0587270947988865,0.9516677461412604,3.3775339884613733,5.126928554538094,0.8466652310749903,27,23,4,0.8560811707255672,348.12806883806803,87.34525239254347,354.7833147859675,378.23629103742127,79.23590759357683,371.47951887111407,510.2740561842633,141.319509323353,0.2769482547870738,0.168969582574124,0.1386414883646372,0.4088166018660148,0.1861262003531948,0.8910077970092187,0.0695217910695792,0.6537934395379078,0.7655752400510722,0.1490422000140048,0.9905773230166588,1.0805041533697226,0.0112518267080231,0.0036135916904983,2.0898603732913283,1.0963474661499402,2.4363472030587783,1.073266659397131,3.2476415398075025,4.279297437867592,1.1480228262167649,31,26,5,0.8388020431143015,434.6355900715961,96.45549411248078,447.086317655434,396.0231067301596,102.61131960750468,419.2873257357166,532.9339374234763,161.20495404607647,0.3024858105780208,0.2076314278838052,0.0832499346744726,0.3990134868104636,0.1904792447777421,0.8378748285476515,0.0734053679607608,0.6985488196951573,1.0650470951338322,0.1280370025120195,0.9112136819256794,1.2024037028495622,0.013263149259346,0.0053323078285786,2.6318707459603754,1.158267878008872,2.4755977390216994,0.9249230725788048,3.443582916298197,4.457436915560615,1.2095366900641102,0.0179663061112834,0.0006871785000177,-0.0172791276112657,-1.798920478040884,84.70860075548717,86.50752123352805,44.35120819897526,62.13802389171354,17.786815692738287,0.0016663572734119,0.0036776798247348,0.0020113225513228,-0.8476311166705024,-0.6694916389774788,0.1781394776930236,3.655616345692499,0
S_00240,P_066,1.0.0,2.5,3.5,4.8,900,750,600,mouse,Windows,Edge,1366,1440,1.25,1049,1238,60,55.384985751858025,19.103695204157543,24.091642341448846,0,16.715517355779223,0,1,25-34,Female,27,24,3,0.8959690721594752,372.33320923661904,70.98894563845063,388.6563129849112,333.6004660214873,81.12510590493169,327.790810296356,471.8861953750934,133.2743967518306,0.2824291069712122,0.1422599733195576,0.0966274339582546,0.4018043511216845,0.1667260775752424,0.8941297352939002,0.0769998874093444,0.7032389764491961,0.9147883545770767,0.0753679627218383,0.9989581075694924,1.6379460492754272,0.005614881806719,0.0040912524571825,2.0414732677501832,0.8880887506540236,1.3018905758181778,1.122476903513391,3.298194178649513,4.673333269876866,0.916509055066217,29,26,3,0.8946618749101877,379.1456092870471,87.98933713221497,373.72187268135286,330.125562012798,77.44167125423326,321.214414836538,499.7351668140893,124.44200196097478,0.2490158992698416,0.1487966850015296,0.0885954980581808,0.3883839198246084,0.182287828658108,0.9527331226796836,0.0445162553535105,0.7723845969275959,1.0307349313596013,0.1065991344900583,1.0669611168577933,1.4394294279447155,0.0084787420628929,0.0049396891770351,2.299939225116127,1.074383555538033,1.4918129488736909,0.7198774514257724,3.74287143248376,4.603201751312811,1.0509364610767562,22,18,4,0.8029781083395449,416.166133144606,94.75732974616002,444.84537997082896,346.3368778859757,84.602425282081,353.54235908179027,484.8779559281404,172.71453824214774,0.3562020837007164,0.2178605676732352,0.1008187042581925,0.3835797468568653,0.1375908521995328,0.8483455816205432,0.054948399986136,0.7313871331439973,1.1437589975160107,0.1150908460088606,0.9932847221569706,1.2789406190062895,0.0097164512494359,0.005100022581098,2.139990360378281,0.8204092121371185,1.1954358420089588,0.8494846225240648,3.6440514092429055,4.232930168386742,1.160365976588627,-0.0013071972492875,-0.0929909638199303,-0.0916837665706428,6.812400050428039,43.83292390798693,37.020523857558885,-3.4749040086892933,12.736411864488446,16.21131587317774,0.0028638602561739,0.0041015694427168,0.0012377091865429,-0.0701315185640547,-0.4404031014901237,-0.370271582926069,7.363463052443246,0
S_00241,P_066,1.0.0,2.5,3.5,4.8,900,750,600,mouse,macOS,Chrome,1366,900,1.0,1204,845,60,57.49190751556057,16.382536003848028,21.97984280730789,44,16.905897828957432,0,0,35-44,Male,25,21,4,0.854898862985102,335.0847465596204,78.98890838937766,355.8187776103673,315.17627351112304,76.61581101990824,316.9294635858094,465.4538773071244,183.49724104965952,0.3942329197283299,0.1360363881825147,0.1316898817284574,0.3901342248485144,0.1543551047428374,0.9104930713533514,0.0692240407721412,0.7096292353994308,1.1744064236692635,0.0636164316442839,0.9953306693672854,1.373841412441404,0.0108625970567313,0.0049768507306369,3.227103237671729,1.226880137966143,0.7774529710148932,0.6155556984788576,3.235540100118766,4.243170559475374,1.0884672309686267,27,22,5,0.8115721610238072,382.4021633603352,96.5681251254622,412.7464665189523,373.7931697850223,94.59854801032276,377.770051430557,463.60858892470185,170.96718756372297,0.3687748494053268,0.1695312625109492,0.0772032789549079,0.4702854719776805,0.1498173666512069,0.8452985334109244,0.0766033244829004,0.7165850979072192,1.1449277022164246,0.111895227068002,0.956574894982635,1.3568591298120594,0.010249840138797,0.0056053193433864,2.511477738791491,1.107979584675598,1.542695924554688,1.0728277636261505,3.266015389581568,4.565046353711158,1.2144565575141533,31,24,7,0.7697267271200599,499.4289831756758,92.25191304342,510.0098058554526,392.3874899115873,97.73475226301768,391.5257072054672,574.2028695033249,182.81867506478648,0.3183869060475461,0.245173288804477,0.1064411242121882,0.4119764564917119,0.1564714466324152,0.8513680387801165,0.0786123331513789,0.6893012713172911,0.837360842668788,0.1580785949685303,1.0770611831199326,1.4314449814042258,0.0143064706716811,0.0062415376249244,3.618172009796395,1.1695851438102025,1.9546217369730976,1.074772490868297,3.418962250099109,3.934014835301172,1.2058997112653562,-0.0433267019612947,-0.0851721358650421,-0.0418454339037474,47.3174168007148,164.3442366160554,117.02681981534062,58.61689627389927,77.21121640046425,18.59432012656498,-0.0006127569179343,0.0034438736149498,0.0040566305328841,0.3218757942357841,-0.3091557241742015,-0.6310315184099857,2.9743168892467127,0
S_00242,P_066,1.0.0,2.5,3.5,4.8,900,750,600,touch,Android,Firefox,1920,1440,1.5,1365,1016,60,58.75032191564266,15.550910721124248,19.555452129706023,25,23.267000588641068,0,1,65+,Male,29,28,1,0.9502623135256266,362.6016090698421,95.2828349396932,365.0631686374351,315.7042259521043,69.08614607880972,319.8711537521494,428.4409193668389,121.84656799879396,0.2843952631295395,0.1265946288483461,0.1017410048167282,0.3579698176277461,0.1500380466701644,0.9181441568683824,0.0545297677834889,0.7839097908679927,1.1356788431854783,0.1187266928389986,1.085982178395697,1.42815483786681,0.0070679419570251,0.0049194163976299,2.562627896778582,1.054968270683457,1.2688230143379031,0.9630048261900074,3.207458637328596,4.887705636465412,0.9132586994208453,23,21,2,0.8973976303904551,335.3477667924042,89.84656540268969,342.4990615899232,297.97563251255167,75.21732582734359,298.4081855841261,497.64053056448194,168.12669409575716,0.3378476706972566,0.1842136192170098,0.0691012037528628,0.4093961136253563,0.1746063824858627,0.8903251978925304,0.0750421663607708,0.6532319476067177,0.7844061488768211,0.1393564430650496,1.000242902363063,1.683708489573438,0.0072859166843682,0.0065655473920028,1.896960360415397,1.1728422267637444,1.3922728507876398,0.8734019022116102,3.409331496112738,4.23400446222382,1.0704322318617736,28,22,6,0.8021414101829127,421.357757395064,73.05638034863338,426.41778651141817,390.0507215561992,96.77161870391252,379.4121741840745,528.7548762686679,198.57074480642157,0.375544044544234,0.1984220288574862,0.0868335013732397,0.4483252322880429,0.1784874702071754,0.8657385699692381,0.0659884126340702,0.7229315965338661,1.1401305798538337,0.137986502907332,0.8753791073445103,1.1310645504740833,0.0098306522913518,0.0042474517389896,1.6247288847112342,1.378470535730965,1.4640012915323208,0.6894766107219521,3.1927437317409275,4.259928248370551,0.9366365446971604,-0.0528646831351715,-0.1481209033427138,-0.0952562202075423,-27.25384227743797,58.756148325221886,86.00999060265985,-17.72859343955264,74.34649560409491,92.07508904364757,0.000217974727343,0.0027627103343267,0.0025447356069836,-0.6537011742415926,-0.6277773880948612,0.0259237861467314,6.644436721899744,0
S_00243,P_066,1.0.0,2.5,3.5,4.8,900,750,600,touch,Android,Edge,1536,1080,2.0,1407,827,60,48.54232029509986,17.250635682821176,26.040692804420623,0,26.794833779220905,0,0,55-64,Male,24,22,2,0.9137340038069856,367.59829569665,78.14924517410662,379.5998720010147,340.598665634426,91.83827172191543,344.8803597231027,459.43684995413633,127.16316641392476,0.2767805116777614,0.1637252683499943,0.1304729729417463,0.4301550663244266,0.1934563981265539,0.909476697277778,0.073845698034007,0.8205621198150737,0.9373547683567616,0.0970707247907088,1.1403212490186296,1.3291304205549064,0.0085370751329449,0.0059257117717785,2.139146238379488,1.288759734538104,1.904894033687968,0.990090038966454,3.408509408863614,4.361301320167842,0.9705262897027264,31,27,4,0.8746126949904662,450.2361304935329,78.72829792212744,450.4275666211649,351.9686450036538,88.6872549665723,336.6801330631438,573.089626206362,161.9769601249881,0.2826380948425375,0.199271150914732,0.1188515449835397,0.409141323302494,0.1319244598341216,0.897538037418657,0.0789957487828948,0.7459289682200032,0.8781770596182498,0.1570703687868689,1.0012349151643405,1.1800285788419085,0.0078352817624349,0.0059718535665347,2.628966712145671,0.96627420188483,1.765978131434488,1.0276784434181554,3.3409887831495384,4.080868340399649,1.1383605672857142,30,25,5,0.8280062972274654,448.654870965482,90.4739566464842,468.6203583680465,379.4776306813014,100.99161834148204,366.9931561097586,561.972422497038,171.05890481936018,0.3043902119952546,0.1853472869822403,0.1055502867214816,0.4341537269040812,0.1880335291853896,0.8347742770914536,0.0689773188944647,0.7881990617279744,1.2243457300944,0.1166320144981342,1.052374516319212,1.234092254333875,0.0107776742584272,0.0049741376682509,2.643030167150369,1.1828275006536852,1.905132578521177,1.0171026457876935,3.4237238706159627,3.9653156511092655,1.006002200682355,-0.0391213088165193,-0.0857277065795201,-0.0466063977630007,82.63783479688294,81.05657526883198,-1.581259528050964,11.369979369227792,38.87896504687535,27.50898567764756,-0.0007017933705099,0.0022405991254822,0.0029423924959922,-0.280432979768193,-0.3959856690585761,-0.115552689290383,3.970302783265465,0
S_00244,P_067,1.0.0,2.5,3.5,4.8,900,750,600,mouse,Android,Chrome,1536,1080,2.0,1286,1000,60,52.998396276128815,20.537916241264146,32.80867955821132,16,5.0,0,1,55-64,Female,25,20,5,0.8046491119278175,430.7975426765016,88.69254699200395,415.0191515753066,394.083682347331,88.12239902575377,393.6971707844088,471.2284514105378,184.7646256183041,0.3920914050610576,0.1797758492951322,0.1217129492323864,0.4582668948816137,0.1885114439111591,0.8932376634059598,0.0883138265604114,0.6919515514357332,0.9792046788521612,0.1021039954699851,0.9167741389274778,1.4293811964170295,0.0091079849615633,0.0055126964413775,2.4077310491013413,1.2762706233963448,2.334744915869155,1.1436278768869634,2.8734556130210427,4.247735890468018,1.0678823698233504,28,23,5,0.8150635415320456,453.94084682116494,91.39607275084684,455.0129206957993,382.4293613959076,95.28549974638186,393.06142195965344,516.0316810972864,186.4008155132872,0.361219712551225,0.2270159656295987,0.1361606062598431,0.4276557157628394,0.1697580517011839,0.8355110397341751,0.091183674498261,0.6105097554868705,0.966594616642402,0.1492975135506627,0.9838436366997956,1.493316598548008,0.0124699284135732,0.0047592913367088,3.2436321143957323,1.2686891824216058,1.982010138405757,1.3066407275582526,3.2972996495735414,3.475410019486299,1.3028043032003958,28,20,8,0.7249972743390836,462.29949864869474,99.91831702945798,473.3153387574347,432.3797138497142,92.87120171778956,454.67378036053617,598.8116690234356,182.31031841867068,0.3044535166056285,0.2291138372447455,0.150207769916838,0.4738652431877868,0.2147518727099702,0.8149978869770899,0.0923492900143218,0.5833908367895889,0.8463137148358573,0.1343000903491042,0.7992088104848353,1.115508846041462,0.0113031439583059,0.0063873324918145,3.2064767711751507,1.2925104902385236,1.946028964680182,1.1745423401415689,3.738642049820709,3.689003725158285,1.4197818574415846,0.0104144296042281,-0.0796518375887339,-0.090066267192962,23.14330414466332,31.50195597219312,8.358651827529798,-11.654320951423417,38.29603150238325,49.95035245380666,0.0033619434520098,0.0021951589967425,-0.0011667844552673,-0.7723258709817191,-0.5587321653097335,0.2135937056719856,-1.8729448565552824,1
S_00245,P_067,1.0.0,2.5,3.5,4.8,900,750,600,touch,Windows,Firefox,1536,1080,2.0,1001,848,60,46.29781425445846,16.87119624084871,18.46913791361416,32,18.15030640846641,0,0,55-64,Male,26,21,5,0.8147933912881842,431.6912934782993,101.77873615891755,411.81967114164127,404.6677503197283,74.56003382355401,398.8727810874718,546.3599592436419,164.30336767083907,0.3007236619211514,0.19147488193006,0.1524778252512204,0.4646823697554446,0.2047006110051731,0.8739947642615695,0.1060870810201904,0.6529194719123889,0.7090041018814582,0.1214574661749811,0.9202299097796316,1.4657075244373097,0.0099097675519311,0.0068293473976317,2.245784416770228,1.4839070453066698,1.9895544861381,0.9946063842388908,3.5197478636134942,4.313831010310869,0.9947413167589696,29,23,6,0.7863552612406722,532.6950279162671,115.21170752835636,518.8505809620042,359.2743168230418,104.36214076466167,366.8965387762611,607.2289938764332,166.231732570716,0.2737546036949332,0.2179201106326735,0.1139566939436999,0.4406262836876226,0.1992062791942121,0.8194785118251634,0.1071053535768222,0.5915895407511856,0.7116115136244991,0.1512650218306255,0.9766241472033146,1.2780687322159774,0.0102690308210736,0.0054157384149148,2.6646742981222618,1.329259390760266,2.128062825776372,1.1358841203214611,3.374730414141113,3.8678728333617824,1.0892259955599854,22,16,6,0.7369258365313797,495.7122891811622,109.604789350903,506.38798329655566,437.7596253511686,92.47795235793495,443.04424126391183,633.2223128444548,176.50203546869747,0.2787362856432596,0.2537483806212657,0.0985803590098207,0.4285679167151311,0.1568851012715312,0.8153926036368312,0.0906771307404558,0.6665803193062415,1.0621248101626557,0.1724163181704982,0.7869634260096874,1.0108878959157015,0.0146979231294846,0.007759425763577,2.992225774557724,1.5264233325983518,1.8189574213145487,1.1287026173274626,3.4684289098336176,3.0158971217543904,1.155408268145352,-0.0284381300475119,-0.0778675547568045,-0.0494294247092925,101.0037344379678,64.02099570286288,-36.98273873510493,-45.39343349668656,33.09187503144028,78.48530852812684,0.0003592632691425,0.0047881555775535,0.0044288923084109,-0.4459581769490865,-1.2979338885564786,-0.851975711607392,-3.0818536688607043,2
S_00246,P_067,1.0.0,2.5,3.5,4.8,900,750,600,touch,macOS,Safari,1440,864,2.0,1244,613,60,60.0,15.482563267923084,18.06886588596092,21,30.28951090895894,0,0,65+,Female,23,18,5,0.78765629606977,450.5029165028433,107.97576456260757,434.3246996764772,387.9972288858448,67.9513960191799,395.866740511092,551.6920897232535,165.19366299065462,0.2994309073264419,0.19752018019753,0.1360949508060373,0.4264758819895619,0.1910925333849519,0.8601464036848993,0.0785895495140757,0.7473442735762967,0.9401692468645652,0.0861589681269421,1.0186128483001395,1.2416714506240236,0.0124741777618336,0.0058812711900516,3.2212215875782912,1.302802051812718,2.3811780607235016,1.0415827951978904,3.101702013864247,3.882295714179139,1.126949883138766,27,19,8,0.7209681765755281,462.6919389024398,124.57172799879152,490.0125322905467,411.1180893180645,93.55409272633776,389.0810505758896,533.2215399550425,181.9519158300852,0.3412313685704183,0.2285886822489664,0.1276572589882799,0.4374597131294626,0.1907992290429025,0.8329453465509895,0.0824985511844857,0.6715630078030215,0.969916957795776,0.1542784899274619,0.8869049708924249,1.380887030829734,0.0142807047889785,0.0062754443838624,3.5612978956908097,1.053193864697071,1.5851620192389853,1.4496046496478971,3.269996233964977,3.520704260002521,1.0005412734743682,28,20,8,0.700055045430531,526.6019003890716,105.68923378568816,531.6387571375923,420.1068712829754,113.02356566695302,409.68451117396665,587.9626922812716,207.09410826673744,0.3522232124341437,0.2345599885301835,0.1244921674736547,0.4835949815213924,0.2041078316786835,0.7884912811303563,0.0906455223660945,0.7089184391319743,0.9808929807745992,0.1603575142200389,0.8168925011525512,1.2386242504028897,0.0115487094407583,0.0082632419252769,3.953985115062764,1.1835283495123563,2.5165429785656075,0.972854002892465,3.528885253583802,2.9618115682363912,1.2186186762565574,-0.0666881194942418,-0.0876012506392389,-0.0209131311449971,12.189022399596467,76.09898388622827,63.9099614866318,23.12086043221961,32.109642397130585,8.98878196491097,0.0018065270271448,-0.0009254683210753,-0.0027319953482202,-0.3615914541766183,-0.9204841459427482,-0.5588926917661299,-3.3871213928392985,2
S_00247,P_068,1.0.0,2.5,3.5,4.8,900,750,600,unknown,Linux,Firefox,1440,864,2.0,1006,592,60,54.24684807409002,19.51775532556323,23.765317907731863,56,23.29638933737249,0,0,25-34,Female,30,23,7,0.7832332701500782,378.52811427393226,103.1448085249493,370.4221301287709,407.098133782633,96.33229641894664,404.79713312949593,546.9130776040349,167.48115704447153,0.3062299365343168,0.1923749373754306,0.1263808283337608,0.394446244494027,0.1701024846672459,0.8551486086286317,0.0647856519961732,0.5420534344254329,0.7519395736100252,0.1318220252797995,0.8561219074683198,0.8631080071712824,0.0137674571955008,0.0052832015124169,2.7763380980164305,1.0915328390990944,2.54942534906235,1.1921988514523485,3.129013531827721,3.516474469117876,1.234853812155917,30,23,7,0.775285160074474,473.4498098826579,107.3514352585238,466.1639722103581,401.5022157460848,80.33376528884926,404.46411860739903,529.2400522861292,183.97100299282548,0.3476135303783907,0.21445152807125,0.1226287460083022,0.427910418796516,0.2181244271865444,0.8253433886925863,0.1107278304407683,0.6141919060492259,0.9063826294514026,0.1471728874935071,0.8719668030600128,1.3858699030192347,0.0142952038567081,0.0049528244681389,3.685801486051972,1.4433143197769314,2.350483749923654,1.4504250117393926,3.5829150227538404,3.66336272715623,1.1263847288849598,24,16,8,0.6706884840813182,538.8259341218696,122.27059027135608,569.2558005450683,463.800342721272,102.91653314354384,485.50837673424513,629.2004744477986,212.83228250653283,0.3382582994606283,0.237155992259501,0.113241550973837,0.5427400150186279,0.1810159038796218,0.8248064809395175,0.0720638185510763,0.5922456779590882,0.8887465368781073,0.180256963736078,0.911565619496886,1.139521162751576,0.0150600265184176,0.0053528647954864,3.1204365460174466,1.2282195197468386,2.708514271929356,1.443288391073262,3.762841838475086,2.7305420675185785,1.2537449958331737,-0.0079481100756041,-0.1125447860687599,-0.1045966759931558,94.92169560872566,160.29781984793738,65.37612423921172,-5.595918036548255,56.70220893863899,62.298126975187245,0.0005277466612072,0.0012925693229167,0.0007648226617095,0.1468882580383539,-0.7859324015992977,-0.9328206596376516,-4.832055224715773,2
S_00248,P_068,1.0.0,2.5,3.5,4.8,900,750,600,touch,macOS,Edge,2560,864,2.0,1654,787,60,53.95813026912098,16.740683019976615,21.52324077525204,14,12.587494037591956,0,0,25-34,Prefer not to say,23,19,4,0.8234772778436086,434.7801772642549,96.6890055704242,438.4508363271076,340.79186981464125,80.90072091027065,340.5755696248986,557.2399494107775,141.11164996945382,0.2532331899725863,0.1920996818026917,0.1289543991319926,0.4155167221948581,0.1727935641418167,0.8584755123821827,0.0836740672970727,0.7382128990300334,1.1319470377689496,0.1020524015824693,0.9142514847189822,0.9352250143712896,0.0106169773192156,0.006824248346473,3.387004772660956,0.8880286078034905,1.5868822365767845,1.062817424326417,2.9572417450288064,4.082034260336026,1.2274404457118615,24,19,5,0.8042479003458741,427.29075220514034,109.26941121492588,424.1910608182375,378.3957386060469,82.90767236833565,373.7259422836839,602.8577638906818,163.82644775710128,0.2717497518814545,0.19600511946882,0.109489194512675,0.4937287941852422,0.1463591991474872,0.8749138516657462,0.0784940233789481,0.6482912098993323,0.8574150519332709,0.1413240261564818,0.8462540445200214,1.3550115150081732,0.013301696416875,0.0052431913865652,3.2656070846529763,1.1740213132217647,2.1087902601894,1.33902024342148,3.218894874807753,3.9860523114784248,1.202558840794137,24,18,6,0.7370494950608935,499.5811147687373,108.45329964995454,516.9564144503076,407.7625423129937,92.65078433106294,411.08196757085807,635.2062566794848,200.51442341952583,0.3156682121925356,0.2007462312402529,0.1190646547852524,0.4786727628812569,0.1994137781329631,0.8033866464513814,0.0698916860257771,0.6080548207039237,0.9263383812276929,0.1576289382595028,0.7944125337278958,1.4076053542499425,0.0131449775428436,0.0064203106997439,3.0618333377504943,1.466621684941298,2.5108542809362944,1.096922749783405,3.3112517765032026,3.552670586854463,1.2475255098978344,-0.0192293774977344,-0.0864277827827151,-0.0671984052849806,-7.489425059114581,64.80093750448236,72.29036256359694,37.6038687914056,66.97067249835249,29.36680370694688,0.0026847190976594,0.0025280002236279,-0.0001567188740314,-0.095981948857601,-0.529363673481563,-0.4333817246239619,-1.2833014858607694,1
S_00249,P_068,1.0.0,2.5,3.5,4.8,900,750,600,mouse,iOS,Chrome,2560,900,1.0,2218,765,60,52.28776866038896,15.993487668176275,20.39410668174516,2,25.75908101883552,0,0,55-64,Male,28,24,4,0.8397219604615201,453.9060198010909,81.14889697262636,479.5542951647553,388.9131018392161,88.35348215402922,377.3450561018821,500.5978868334819,182.40103371081304,0.3643663677139864,0.199665730842651,0.1235499612352823,0.434565175234953,0.1911109267443292,0.8566068033050113,0.0782360389189495,0.6998666419098772,0.8988505719800087,0.0947839913751622,0.9497803691897462,1.4251854952788396,0.0120200388299452,0.0067409290068182,3.07335581063849,1.43922550263594,1.9282059668553628,0.6075094300255879,3.373967182501257,3.7228236020213927,0.9616612341703048,29,25,4,0.8783678828264401,467.5307987553939,89.75325316661595,477.78204524212,390.3733304317429,97.00817776788884,387.0218223765571,521.9296967280136,179.8864748043704,0.3446565235357978,0.1920347971059071,0.1451106692798786,0.4480336357997337,0.1689856869091551,0.863520529226747,0.0859186341306479,0.629567239562493,0.9671782860691136,0.1487547110718747,0.9832657095606888,1.4397864893841152,0.0112963165659561,0.0045180886005492,3.0606915482345194,1.3100845336758886,2.0996683041963005,0.4291178860409125,3.421824493753108,3.356267413856223,1.234151188223603,30,24,6,0.7974510866186375,482.9971670728548,109.7940566926546,482.5055002784297,429.5995015446575,101.69650838347796,435.8032652786752,555.5579445403899,215.3862624515624,0.3876936052633542,0.2376296129928552,0.1407826672378012,0.4829166248158607,0.2036877311465848,0.7990221010563914,0.082917998877494,0.6375848302688856,1.0427051817633577,0.2060338908556067,0.8866644592149925,1.1374993481921547,0.0114637722565078,0.0053038037096604,3.0043851325601025,0.6615072021921888,2.127612718021935,1.174640906759593,3.4953099608782194,3.0929663940599665,0.887999868881156,0.0386459223649199,-0.0422708738428826,-0.0809167962078025,13.624778954302997,29.091147271763877,15.466368317460876,1.4602285925267893,40.68639970544143,39.22617111291464,-0.000723722263989,-0.0005562665734373,0.0001674556905516,-0.3665561881651697,-0.6298572079614262,-0.2633010197962564,-1.0512569206650588,1
S_00250,P_068,1.0.0,2.5,3.5,4.8,900,750,600,touch,macOS,Chrome,2560,768,1.25,2429,704,60,57.16859192512172,17.46387613634068,25.52021462104529,19,20.828433852129358,0,0,25-34,Female,23,19,4,0.8332837970685146,437.25960804655926,95.03189248700647,430.670146332224,421.1315095321444,79.23156409812901,382.4195920423693,485.998726674422,168.78127036268268,0.3472874744294378,0.1620956273144866,0.1301198615033114,0.4574536566563422,0.1846466395522253,0.8934691296462569,0.0777606708636597,0.581526849129103,0.9067319450338134,0.1246077524456682,0.8964520928915751,1.1848678630252896,0.0110093711983044,0.0053852164005902,2.8899224322624737,1.4776772633450397,2.5178956922680378,1.310867702217689,3.224261814944991,4.13247528681736,1.069925115593465,22,18,4,0.8271659791633272,448.2972064079877,100.92629010639996,462.734849019075,417.3949713856813,90.01834107294388,404.3392213377018,529.353653683807,163.64558207709268,0.3091422547823601,0.2305531145602046,0.1114748356616543,0.3989529643995788,0.163196175220537,0.867141694686918,0.089603698410201,0.6158950020302246,0.7900887578863491,0.1494553024812175,0.9921395083866672,1.3318195774659018,0.0124308562186917,0.0070731823643162,3.841025801176385,1.0088066633135555,1.8792576264049807,0.9286677278422832,3.444128622307212,3.594121299132783,1.176799270473896,29,22,7,0.7472603138047564,488.8283860133616,107.05666557277334,473.3798752894302,399.27700542078975,99.61034485469872,413.8603383703839,594.7169573730196,188.46330655541703,0.3168958009670619,0.2499773415844051,0.1238985215443769,0.4572747979086395,0.1790607849939104,0.8516760053390962,0.0662966868682952,0.5816442511477611,0.8359652164277691,0.1396664570237635,0.8933727873166528,1.2348999716000155,0.013623475949482,0.0063175774330465,3.266606351278843,0.9817851125089508,2.378702377642213,0.677280627486422,3.3832058527555238,3.36151435195862,1.3084155250215008,-0.0061178179051873,-0.0860234832637582,-0.0799056653585708,11.03759836142848,51.56877796680232,40.53117960537384,-3.736538146463033,-21.85450411135463,-18.1179659648916,0.0014214850203873,0.0026141047511775,0.0011926197307902,-0.5383539876845767,-0.7709609348587394,-0.2326069471741627,-1.4903756606719627,1
S_00251,P_068,1.0.0,2.5,3.5,4.8,900,750,600,unknown,Windows,Edge,1920,1080,1.0,1771,965,60,60.0,16.498981625075395,25.050083474511663,4,23.918266914618165,0,0,25-34,Female,23,19,4,0.8452446254129086,435.6226113896327,95.25488685731668,422.8553215980271,385.8943603492985,83.91628785819415,381.9161045594236,421.3943991365989,174.86230686877727,0.4149611556941791,0.196641661192127,0.1446206413225766,0.3868994982386784,0.1967408629427844,0.9041250530884358,0.0722408114860453,0.7627984004406742,1.0683632857646304,0.0835397197523014,1.0034138812984823,1.2383328517842327,0.0072360976507708,0.0062415510369107,2.486366151701891,1.455762266475003,1.7920146169842004,1.13695352954902,3.2763214049075224,4.656819238789711,0.9482885624455796,30,25,5,0.8212813933066933,452.8419502766157,96.7964822275544,462.0525182664032,368.6162284621146,103.18800375906407,388.94844188065,562.577652807492,188.74666087115685,0.3355033032848603,0.2058266758903709,0.156920120252842,0.4611553798660209,0.185182429501636,0.850415475991319,0.0827766520852504,0.714084275101876,0.9645043260251094,0.1146434230419907,0.848204637245138,1.2260156700522835,0.0087295212110158,0.0054034550718865,1.7798022445901305,1.3416032581930708,2.26371289342341,0.9970392762541042,3.59471885477897,4.411069527922929,1.1532175214736975,24,18,6,0.7647070395714927,460.56491270856526,107.44990620832098,462.6833153219796,415.03950329363386,103.17961100141564,417.7944542673556,608.90239161401,183.09669756557545,0.3006995868093789,0.2192767038132297,0.0979494632203948,0.4494814084039765,0.2206639243463904,0.8089423357822724,0.0831271012171821,0.6162756214802431,0.6319438016621561,0.157079363692619,0.852571525739761,1.2504277081909618,0.014074573966546,0.0061095961455321,3.2118179713026738,1.0014115675074065,2.3755464889294418,0.943312861443562,3.18423570890492,3.737019714696409,1.2511970921414934,-0.0239632321062153,-0.0805375858414159,-0.0565743537352005,17.219338886983053,24.942301318932607,7.722962431949554,-17.278131887183918,29.14514294433536,46.42327483151928,0.0014934235602449,0.0068384763157751,0.0053450527555301,-0.2457497108667823,-0.9197995240933023,-0.67404981322652,-0.4129159441934772,1
S_00252,P_069,1.0.0,2.5,3.5,4.8,900,750,600,touch,Android,Firefox,1536,864,1.25,1280,743,60,50.56502426659058,15.745982382991148,25.577714915050198,0,14.03340520689334,0,1,65+,Female,27,25,2,0.9142819003676452,380.10251405076,78.74287495574778,405.17706202239214,295.40322091023074,86.87677036882849,305.2412829440139,447.5775217273139,118.5920807556623,0.2649643357825159,0.1139568917135357,0.0753015724847468,0.3271507873819074,0.1396208856687767,0.956786114645782,0.0656324580214219,0.851330615594302,1.2323188976232724,0.0698176380653895,1.0318622943160547,1.496735103435184,0.0062472122280122,0.0052989055397659,2.2904518261139626,0.6287870961461115,0.9925789352176028,0.7502434806790053,3.121045032339437,4.695608214243348,0.8160796330089397,24,21,3,0.8834131708662138,364.0812221293202,89.62047042255675,364.45800216147023,340.33282551237755,75.06014633114414,354.749179563717,463.29952720264737,157.9271653406992,0.3408748683475815,0.1731888851071338,0.1211910390752765,0.3906787438451622,0.1670468874795024,0.9253960363033904,0.058200714700027,0.7715474805791508,1.3540570658431053,0.1211141462088772,1.0958171847946168,1.5798708114434756,0.0063951210178235,0.0039524919395596,1.4546037059076848,1.0035853375700912,1.168969364597562,0.8089754530472776,3.2733475629051765,3.979157041956319,1.022644220794297,29,23,6,0.8046412904669289,359.8722950887746,83.15525431975773,356.84441664647846,371.3697857784144,75.50658703366072,378.0562819980256,445.54936815407245,158.30859513670782,0.3553110080541382,0.1820173924168976,0.1073279187058771,0.3430158751314884,0.1629974037613162,0.8457676487743211,0.0538312759094772,0.7444289153032841,1.069686471842992,0.1183772726601666,0.942549018065824,1.2774018678943948,0.0089508689360329,0.0052033508430961,2.6176659902199426,1.1221560718052133,1.5197346346766412,1.0144298921336408,3.33085295700676,4.680402332924968,0.7359104436114754,-0.0308687295014312,-0.1096406099007162,-0.0787718803992849,-16.02129192143974,-20.23021896198537,-4.208927040545632,44.92960460214681,75.9665648681837,31.03696026603689,0.0001479087898112,0.0027036567080207,0.0025557479182094,-0.7164511722870293,-0.0152058813183808,0.7012452909686484,8.79362489447312,0
S_00253,P_069,1.0.0,2.5,3.5,4.8,900,750,600,mouse,iOS,Chrome,1920,1440,1.5,1375,1000,60,49.84595976537861,21.44363534011513,32.083297133788214,55,24.03014642364609,0,0,55-64,Female,23,20,3,0.8577249209817849,403.78454409774633,83.38997241989804,396.4757105596419,334.61018656684496,88.52273950011616,316.3897823495422,505.191845849351,188.01823526650503,0.3721719517273688,0.1920372043473486,0.1557558085621077,0.4041461888416643,0.1397618943209443,0.876390638024871,0.0704541722616322,0.6803844142554587,0.6938929718113378,0.1334840131408549,0.8548432670434424,1.3441751596194886,0.0125774327868657,0.0048712206439761,2.5097159378849554,1.050184325007152,1.8728997421976776,0.7085509301485465,3.180231338061421,4.8618299682465445,1.0401025079753938,23,18,5,0.7808619595898604,454.0145704060957,82.12773188037404,452.8335582578825,376.8828121720522,89.15523387652516,346.4335664660492,552.1611652040424,163.70805693375212,0.2964860030916089,0.1995398755818732,0.1171899708987568,0.4253132390313776,0.1778668222012643,0.8578316430018431,0.0786245557996039,0.6727611297857663,0.6952175788468488,0.1477950905418638,0.9154632604465288,1.2866713160464478,0.0093584742378917,0.0049193177541485,2.17909208652378,1.3195701748407975,2.1616934373834944,0.9526200003626945,3.2395013404852606,3.516842353417458,1.1667477650753475,26,19,7,0.7388029700494736,456.50482051743455,98.0225336342354,479.27563350822265,366.31551422277937,99.08877671278624,374.183810249393,577.1367459308976,185.3412783421082,0.3211392787738032,0.2330374568159726,0.0963481766469442,0.4555636914783699,0.185756570124089,0.8211890327920217,0.0877675717196661,0.5737218021144952,0.7237688824769384,0.1073173229038715,0.8625333602342569,1.1893457519181785,0.0133863589112003,0.005494263579085,2.68453825387632,0.8200662240291625,1.6865233645427398,1.009474277551947,3.616218214177581,3.4706891954686423,1.2290852658732656,-0.0768629613919245,-0.1189219509323112,-0.0420589895403867,50.23002630834941,52.72027641968822,2.49025011133881,42.27262560520722,31.70532765593441,-10.567297949272811,-0.0032189585489739,0.0008089261243345,0.0040278846733085,-1.3449876148290865,-1.3911407727779022,-0.0461531579488156,0.5152900900868274,1
S_00254,P_069,1.0.0,2.5,3.5,4.8,900,750,600,mouse,Windows,Chrome,2560,864,1.0,1597,599,60,60.0,13.54313442148463,22.398097337261667,22,31.27556545976732,0,0,25-34,Female,28,24,4,0.8649965742576465,414.9906542594905,87.3018438753596,395.2662753710015,310.84813308079106,83.22624970302127,321.5892701016512,497.6435176727448,172.85093378151288,0.347338863349128,0.1328567494227936,0.0802100461360023,0.4238443790366323,0.1673076138716636,0.922040160467672,0.065722186935498,0.752199252158125,1.084774710547956,0.1117940731710575,0.8868373401423808,1.660227078575223,0.009077493659879,0.0040390863829761,2.2913323849749414,1.1617297023904265,1.7879288066309065,1.0923545004886726,3.167923318190521,4.038451027296548,1.0761299750474822,24,19,5,0.8023630023309317,437.1513231903976,83.9329709610062,427.6269181705649,339.9542798461913,82.09974245111528,349.56591764532186,538.0380268692563,153.37234731689605,0.2850585640002832,0.194755745819202,0.0956862621956908,0.4062375911653447,0.1683013681694375,0.8776913280629209,0.0645529913395951,0.754830104984057,0.9722694002709288,0.1304680841163628,0.9809136742688432,1.4188817593325778,0.009341994315055,0.0045899053786382,2.576395721734412,0.977153926542676,2.10738766918015,0.9204568607192378,3.113955308330776,4.076265834623079,0.8570298392793565,23,19,4,0.8174417017465822,438.0441257106755,100.31562431232878,439.3593173539987,398.9856970967629,98.39468089069038,390.5859886460918,539.0605641193475,169.61915495715238,0.3146569536843338,0.2172863657558631,0.1386168763445366,0.4709604519085084,0.1992232434478557,0.8450555329221007,0.0640951237616888,0.6345803645387654,1.0501287460004125,0.0987511989328473,1.0463826225458417,1.278237422114794,0.0144840918895593,0.0053089016768315,3.0226807568613863,1.5529099733557754,1.8167073939396212,0.8375389156559808,3.379774120138891,3.4385547740994946,0.9574518720916064,-0.0626335719267148,-0.0475548725110643,0.0150786994156504,22.160668930907093,23.053471451184976,0.8928025202778826,29.106146765400297,88.13756401597186,59.031417250571565,0.000264500655176,0.0054065982296803,0.0051420975745043,0.0378148073265309,-0.5998962531970529,-0.6377110605235838,3.247124471643845,0
S_00255,P_069,1.0.0,2.5,3.5,4.8,900,750,600,pen,Windows,Safari,1536,864,2.0,1133,691,60,50.52047299535718,19.853008949130416,21.59441552558316,17,31.290003523619653,0,1,unknown,Female,30,29,1,0.9562068144836894,367.2654224078815,85.39636264457246,382.92178081784976,304.506167106779,79.45701246706778,308.40309922332017,475.2270186741356,127.02496774579012,0.2672932361888528,0.1569522845705212,0.1366000900193194,0.3656382333818971,0.183563390841718,0.832290702219426,0.0647838913891254,0.662021720524594,1.0603661671977522,0.1231902411858995,0.9495232376575822,1.3429148103379758,0.0103640328126014,0.0066379260238982,1.934197769643461,0.6143756309333055,1.1708051772273735,1.045339069134723,3.514834126078757,4.674149636084914,0.9010868822929978,31,29,2,0.929509962807726,410.9873764267156,78.98519929616235,412.77099072795295,368.63159797861607,84.68288120007213,359.09927095055343,451.8614588717577,139.6984028771416,0.3091620233023442,0.1617249091471014,0.0999708189037448,0.4192478379994502,0.1783498915832428,0.9269002462210484,0.0654217754119953,0.7118418032981148,0.8765631741374826,0.1392024535687767,1.0713030940672756,1.3541547661877735,0.0128600874169701,0.0045718353377525,2.748481187718199,1.3470513790665903,1.211893229053241,1.0076366083900554,2.9112430938116924,4.621637711106674,0.8268692770441146,25,21,4,0.822778778218875,461.647522048857,104.1290661438664,460.8090971620829,369.72351482183336,92.8507600346392,383.11553299723903,533.4276384848499,173.2505802906412,0.3247874084341465,0.1852576601532533,0.0707908223248127,0.3955212898451724,0.1026124556766713,0.838620386132168,0.0764123298263219,0.5524129413545806,0.8308187149351345,0.1315652034644827,0.8685536632465274,1.15387288210932,0.0129776749164909,0.0043065452736023,2.6960544643334363,1.125466047873558,1.6197049752388188,1.093764351268125,3.544576141717841,3.7529945582105193,1.3465962209374993,-0.0266968516759633,-0.1334280362648143,-0.106731184588851,43.72195401883408,94.38209964097558,50.6601456221415,64.12543087183707,65.21734771505436,1.091916843217291,0.0024960546043687,0.0026136421038895,0.0001175874995208,-0.0525119249782406,-0.9211550778743952,-0.8686431528961545,4.713357240343649,0
S_00256,P_069,1.0.0,2.5,3.5,4.8,900,750,600,mouse,Linux,Firefox,2560,900,1.5,1678,854,60,50.08909261829524,19.561986753252583,27.51895151636797,20,24.778816074324716,0,1,45-54,Male,23,22,1,0.9654793069471358,359.7519290955137,77.61561324267346,387.0153549541481,352.39669248386366,76.06327963353696,379.6460500179128,499.0143725972753,142.58031546114188,0.2857238654651134,0.1280398762414013,0.1164012584857148,0.2990932084668077,0.1434956863024069,0.9073455668632204,0.0774106745655734,0.9009022164808506,1.1215299589109722,0.1069764740849655,1.2534992296908647,1.6042097508749562,0.008480057602928,0.003651528011941,2.605882521269377,0.8351806329121818,1.3250111432772955,0.8813790838409433,3.21280074830227,4.691556700600094,0.9695308631679757,25,23,2,0.925015819131246,434.3561199646181,83.48765210307138,441.0980692997872,314.8242893765471,103.60012092655096,313.27827059698524,527.4704654072962,165.7831022608858,0.3142983600662329,0.2088344192570509,0.0928235846272824,0.3603431311070744,0.1949666252226722,0.9073997436094324,0.0734516261176781,0.8356492705649721,1.147248928830764,0.1411756040017253,1.0483734817409744,1.5336658054462569,0.0097673460070598,0.0045635957744163,1.980059479277594,0.8992034588272743,1.5040858833181792,0.7421714451372821,3.385384934615577,4.624232036201719,0.9641050464529368,25,20,5,0.7979106422015777,403.08336137070046,79.72392448636309,404.8814015652315,339.9833533226722,91.10985552183752,348.55722279163376,449.4704275266176,205.51983733672552,0.457248852761408,0.1846377978164831,0.1267187474226051,0.4023454894208018,0.1917399186750961,0.8334996574482383,0.0706491108530211,0.6632751682618983,1.225364350897241,0.1211923606941616,1.0481037277622478,1.465690341710074,0.0105794855787151,0.0054065993740295,2.933884832078693,1.1114170881091003,1.7191762167069575,0.9371965140126536,3.7712558028299177,3.845682857288633,0.6552488907197555,-0.0404634878158899,-0.1675686647455581,-0.1271051769296681,74.60419086910446,43.33143227518679,-31.272758593917672,-37.572403107316575,-12.41333916119146,25.15906394612512,0.0012872884041317,0.002099427975787,0.0008121395716552,-0.0673246643983747,-0.8458738433114612,-0.7785491789130865,6.634018070969129,0
S_00257,P_070,1.0.0,2.5,3.5,4.8,900,750,600,mouse,Windows,Edge,1920,900,1.25,1557,540,60,56.23708964446899,15.699444172949624,24.68114437633404,23,23.506734930671207,0,0,45-54,Male,26,21,5,0.8021260175550531,465.93651742000935,93.6597370091914,464.3874617135503,378.316837898348,81.89986623441122,404.053175233816,518.9882840303011,169.96892836013978,0.3275005112643663,0.2156745846107624,0.1452283911198247,0.4302287898520701,0.1757050586744528,0.8624396291478543,0.0749042310396448,0.5570021532290701,0.6215847982321004,0.1568034185140883,1.033466986626401,1.49655813271611,0.0108436301972106,0.0050724491948928,2.861347887070105,1.4154537630433288,2.281679165519662,1.20757663529444,3.38143521015369,4.532434007889679,1.1090610823704226,29,21,8,0.7232409025786003,452.4679879136961,102.25429770274734,444.2325990744198,398.31161746490017,90.7573090223703,371.8805924968406,548.2481882138284,163.69083412468746,0.2985706795639141,0.2457794000839319,0.1462916451740506,0.4894586993541484,0.1932260161023692,0.8145173791571538,0.0855004928237552,0.5570812548610062,0.8361581027323746,0.1543766500264668,0.9487364213765084,1.2848782064063724,0.0132529936016647,0.0055615840272064,3.5524532802671462,1.42800150072457,1.9726375045854996,1.1758869638467782,3.4834581815090897,3.519926788879332,1.046437540797851,24,18,6,0.7317717031815999,518.537042724676,102.21414007050316,533.6517018070963,441.0767773765513,109.50998015454356,415.2796892036326,623.3719101595061,177.24521799850325,0.2843330203203259,0.2773585577927884,0.1504083343104469,0.4210590490516638,0.1687027911054875,0.7994059445556133,0.0930352775970438,0.4727928863756702,0.7084993964452979,0.1733295684599681,0.6340691741600688,1.0960829370533234,0.0150712743129236,0.0056187770309946,3.032485789948414,1.1206272023436814,1.6570854184968469,1.0045764563073,3.5169394383629453,2.5736328363631658,1.315621872515204,-0.0788851149764527,-0.0703543143734531,0.0085308006029996,-13.468529506313304,52.60052530466663,66.06905481097994,19.994779566552157,62.75993947820331,42.76515991165115,0.002409363404454,0.0042276441157129,0.0018182807112589,-1.0125072190103477,-1.9588011715265137,-0.9462939525161662,-4.028560822697047,2
S_00258,P_070,1.0.0,2.5,3.5,4.8,900,750,600,unknown,macOS,Safari,1536,1080,1.25,1288,779,60,52.962406787644944,18.86405491565614,26.11766674518072,31,31.162325164639075,0,1,25-34,Male,27,24,3,0.8927198907218757,475.1773971345853,89.0270820470851,495.68851818517936,404.7251628442789,90.09114453971382,399.6764943369238,531.9581618217338,150.48017201525295,0.2828797127577128,0.1767041667727593,0.1368676514431115,0.413199690372686,0.1919729211593865,0.8752974356516035,0.0710877554871628,0.7678035297628857,1.0890874810703202,0.1299262041123488,0.9722852324848802,1.0533514761816305,0.0095915556563551,0.0046383619892909,2.765838258718969,1.298314946830301,1.925232912333088,1.2605672101248584,2.975397167869648,3.788931360882583,1.187001579379566,29,22,7,0.7613625399330042,483.852998482549,110.00240227705838,477.4691933733921,358.27338586610585,93.60310220085024,354.1892750751131,542.7686454130085,194.69360736698317,0.3587045954337232,0.2006511026787802,0.1654040976754852,0.468120017624717,0.1888348531935962,0.8694386717884752,0.0969654780284953,0.7016995984947673,0.9425993964927076,0.122114845249208,0.8248862334196877,0.8409940998976639,0.0117926751298817,0.0057779928915988,2.822312354821378,1.4389040128102637,2.029209511669312,1.4038701091068464,3.234035025269121,3.3688362943649395,0.936203923305078,25,19,6,0.7651079936504684,515.5269031788181,101.10146612710798,531.4866437107215,447.7603382785164,88.92208519521797,435.6376961441161,565.0987788745891,196.84136830241945,0.3483309036597722,0.2491083103379457,0.1328383743881039,0.46036881930504,0.2112351958186378,0.8240121518070598,0.1184817203569998,0.5304892642563145,0.5740980274679568,0.1715984619530299,0.8602111654036374,1.3291025747006282,0.0115237537246214,0.0062197952789317,3.466890763248908,1.1243903372005482,2.378380176611865,0.752544143282028,3.543223428722248,3.722576009741848,0.939212684779968,-0.1313573507888715,-0.1276118970714073,0.0037454537174642,8.675601347963777,40.34950604423284,31.673904696269062,-46.45177697817303,43.03517543423754,89.48695241241057,0.0022011194735266,0.0019321980682662,-0.0002689214052603,-0.4200950665176437,-0.0663553511407348,0.3537397153769088,-2.383198298784035,1
S_00259,P_070,1.0.0,2.5,3.5,4.8,900,750,600,mouse,Windows,Chrome,1536,1440,2.0,1099,1315,60,52.9108902858622,19.37629561683405,26.21544250170966,41,9.184000888737303,0,0,35-44,Male,23,20,3,0.863475159118973,469.0908650281201,101.26173304836738,446.7645949751823,417.67484671253305,81.99246877629233,434.36672374543366,575.2760565675637,163.79988016118514,0.2847326571151107,0.1920382197659848,0.107882465359745,0.4581486049090728,0.1983584766939377,0.8614162584404603,0.0712745041325055,0.7191940885694365,0.9998786295583452,0.1526727278208463,0.7512098573098228,1.1097333302543149,0.0099562371087725,0.0065519399479107,3.338339088799145,1.3771480054165404,2.0633330006691484,1.0799249861388585,2.9660352233439937,3.5031441762544806,1.3455620308141636,24,19,5,0.8115984192123651,495.6068330401775,108.19156749180156,490.61311719322975,395.49050507478336,93.91712480587177,387.805874267743,495.3931386948796,198.39353580270824,0.4004769551822597,0.2034713909625727,0.12859017003368,0.4563018302490969,0.1895192016158044,0.814253386492254,0.0866751769456503,0.6584548187291639,0.6631206373616325,0.1163001380654753,0.9311313088520982,1.3876008804667972,0.0126796971747083,0.0058336445656137,3.48729990672428,1.062578394006059,2.1966955175531044,0.816070311753192,3.2956997085767674,3.0998061897593843,1.2907405282544495,27,20,7,0.7329813027928208,493.483170146896,118.08032034064274,507.8279004979307,432.2049803705117,98.40777066724011,423.2965191539779,625.1101189900008,215.6662380054316,0.3450051942110401,0.2397334687981281,0.0711239180524818,0.4703056523434145,0.2216210473245793,0.8012263273286861,0.0659825645242842,0.610203179848093,0.9230903045294744,0.1441718736472047,0.8101482965549389,1.0330539059864168,0.0146554398704463,0.0065723921108532,3.0627447972058213,1.3012497667327725,2.263989018732886,1.369581037891996,3.6180546599812615,2.925645224715106,1.1895285223221048,-0.0518767399066079,-0.1304938563261521,-0.0786171164195442,26.51596801205744,24.392305118775937,-2.123662893281505,-22.184341637749696,14.530133657978638,36.714475295728334,0.0027234600659357,0.0046992027616737,0.001975742695738,-0.4033379864950963,-0.5774989515393747,-0.1741609650442783,-3.4273322650089524,2
S_00260,P_071,1.0.0,2.5,3.5,4.8,900,750,600,mouse,Windows,Edge,2560,768,1.0,2074,573,60,60.0,17.997117604761854,22.665381599081105,40,23.41666922852289,0,0,65+,Male,28,22,6,0.7811317677025273,531.6164179935085,101.233665183872,537.715345626371,401.26614713391103,95.86494501372086,400.7300083474428,611.916281767463,180.79161866528727,0.2954515577573579,0.2614510215316656,0.1555061236961313,0.4431584472907502,0.1849522515544039,0.8511232817563399,0.0830076080611879,0.6242151055721676,0.9816917909729378,0.1647766219372629,0.7572480004156217,1.2454686766577512,0.0131220616988964,0.0067112178599712,3.4596017861471178,1.5580737360400096,2.257689130995589,1.2582352285874718,3.416840292280903,3.8441739036084046,1.3101612671300311,27,20,7,0.7530061871758863,509.6937617909448,105.11171794898884,532.7517062234961,445.3811958333165,107.01269881826056,446.2313176615131,579.2480992045922,192.7782609432049,0.3328077575186225,0.2644079589767651,0.1643414114984389,0.4898793259096433,0.2473303864486439,0.8704016721772229,0.0883894630614888,0.5521786479366197,0.8853784038456138,0.1401222510709692,0.8475305042735287,1.2127506582927503,0.014395635575602,0.0067436510762868,3.448280901701562,1.0667246909540586,3.0849787292801976,1.3861526267122544,3.421003850938866,3.2686684107916024,0.9522291769866532,22,15,7,0.680899480306385,528.9116764284481,103.8427135673724,543.5721191679278,470.0418604028097,110.14790321764572,459.1515863955571,714.965735565545,218.47275661175715,0.3055709466117884,0.258661673943432,0.18238830865495,0.4679054639894754,0.1648049164413781,0.7658928641741317,0.1013127636858411,0.5319008989462388,0.6465020542818475,0.1602398877058186,0.6601872628970519,0.8239610014124653,0.0178047645034985,0.0071756539519354,4.799195079807635,1.2858149084380706,3.032881964311336,1.2432798701661842,3.615952235949848,2.743846234668694,1.4456258470937429,-0.028125580526641,-0.1002322873961423,-0.0721067068695012,-21.92265620256376,-2.7047415650604307,19.217914637503327,44.11504869940546,68.7757132688987,24.660664569493235,0.0012735738767055,0.0046827028046021,0.0034091289278965,-0.5755054928168022,-1.1003276689397108,-0.5248221761229086,-8.495245172245104,3
S_00261,P_071,1.0.0,2.5,3.5,4.8,900,750,600,touch,Linux,Chrome,1366,1080,1.5,1150,840,60,51.116402104202535,19.143117095614446,23.69242160268844,30,18.896610490179885,0,1,45-54,Female,22,17,5,0.7862311689714641,512.7680295575706,93.70008463967534,514.7024320674544,400.2237223537431,89.60455105495036,399.8018702200031,572.890530833151,192.83212328296744,0.3365950611935109,0.2138986236023169,0.1538428533038562,0.4706681312052689,0.2308179184083986,0.8398381930186252,0.0883756552664296,0.6462809757719865,0.8583606347488926,0.1527105720990804,0.9999403163665288,1.2030974169615418,0.0145717795400034,0.0066449302918999,3.931067308551632,1.5646365550872456,2.54866675789989,1.1403779085993468,3.1624245096015247,3.296539139609475,1.2715119442560423,29,22,7,0.7473865768996579,517.0036715404306,96.08612838980096,516.6639947430474,457.4242211214263,107.649483639151,457.1481998045462,690.541479588398,180.3967542293472,0.2612395628092811,0.2303806667499414,0.1137324384648065,0.4713764174601406,0.238499020991549,0.8145762687492953,0.0760930572705444,0.622628990547894,0.9193342196129476,0.1713556597247157,0.7854927325019516,0.9844241528115985,0.0131988388857676,0.007691981906595,3.607065068116646,1.5050184186985276,2.387522973752465,1.2555898438177715,3.3195479093059608,2.9421859219575683,1.2915630612950977,28,20,8,0.7140188543239344,566.8571379934352,119.58367153452106,591.381949166547,441.5757463342174,103.20448043016158,451.13151486618654,614.6572018856994,219.3357809141696,0.3568424485083263,0.2706871963770917,0.1342657118094768,0.5258392866081683,0.209319579453519,0.7884287161736088,0.102853616228155,0.5049642310119918,0.7612953754836025,0.1501255363575014,0.6950812461438964,0.8409664924107707,0.013635488113724,0.0072202374813659,3.84300217245056,1.373453125960778,2.7048195246476765,1.5251190630433198,3.3134229776804305,2.2618091307176837,1.1437571491455558,-0.0388445920718061,-0.0722123146475296,-0.0333677225757235,4.235641982859988,54.08910843586466,49.85346645300467,57.2004987676832,41.35202398047432,-15.848474787208886,-0.0013729406542358,-0.0009362914262793,0.0004366492279564,-0.3543532176519068,-1.034730008891792,-0.680376791239885,-8.122657478500702,3
S_00262,P_072,1.0.0,2.5,3.5,4.8,900,750,600,mouse,Windows,Chrome,1536,1440,1.0,1424,1121,60,53.01839440046598,12.011583246106952,18.199860313439395,44,24.98004166696365,0,0,35-44,Male,27,22,5,0.8278589261295904,475.77883516952767,106.8448191509,478.7446156445073,422.9382171023631,103.4458893625916,425.2689823745541,615.2571495181116,159.07350452215573,0.2585479984210618,0.2276680380193225,0.1636986839090642,0.4939567131052827,0.1793247922068046,0.8413459523312845,0.0945343605288774,0.6300517482068914,0.8939568621310386,0.1716089440949915,0.7441786869866208,1.0581410618891454,0.0097708636952711,0.0077725097328686,3.627730424841424,2.0999728576761973,2.683538358848114,1.23896216663038,3.238234261351076,3.434649090279234,1.2922622924943858,28,19,9,0.6907370583403307,517.9984951225586,108.3206857736452,491.6882959716663,430.1733063238631,94.08572455068162,426.9509213389034,604.1652286490821,187.30990449312063,0.3100309246726213,0.2069580514640096,0.1399048284771076,0.4666746807395687,0.1986955884750479,0.8361052367838802,0.0847674658341886,0.5668375020368446,0.8817820980698232,0.1496371727708458,0.9875169268374914,1.3748469019744496,0.0116396762969157,0.0063119581795882,3.269908730430376,1.2652469272631397,2.716723896798189,0.9513872471395564,3.270319136549716,3.5854243268897297,1.1947233152168704,29,21,8,0.7124244353639463,503.8013990146254,112.74768879365536,517.0905798262373,467.5021606517587,100.13186235964824,442.666278089138,576.9845748402669,222.7056309981521,0.3859819494477927,0.2747033693920268,0.1492224415838946,0.5102834345119488,0.240124391866426,0.8380814501082826,0.0894399423439194,0.544787594876029,0.728499568745675,0.1480394704948007,0.7962918005320474,1.183735160979854,0.0127271899157518,0.0076072629078543,4.0871385870877095,1.3100032470246272,2.6016736630687154,1.2574450918817504,3.725332248277097,2.8329013793778817,1.3897617760876233,-0.1371218677892597,-0.1154344907656441,0.0216873770236155,42.21965995303088,28.02256384509775,-14.197096107933136,7.235089221499948,44.56394354939556,37.32885432789561,0.0018688126016445,0.0029563262204807,0.0010875136188361,0.1507752366104955,-0.6017477109013525,-0.752522947511848,-6.814555768821434,3
S_00263,P_072,1.0.0,2.5,3.5,4.8,900,750,600,mouse,Windows,Chrome,1536,1080,1.5,1253,910,60,57.46711516598728,17.71874406487653,23.89220360822785,19,16.167030383633016,1,0,35-44,Male,30,23,7,0.7784688492172959,507.6739143223615,111.87321428706568,473.7317757978829,403.7631836482183,100.94013327462044,397.2551708121457,575.5256909389757,164.72990595040878,0.286225113046909,0.2257475513092969,0.1892243219857701,0.4817248656320966,0.1910820941059211,0.8366145844545999,0.0820116228530498,0.5936186093015876,0.9256275726216014,0.132974724556589,0.5879736663369659,0.9795058272513022,0.0119303437843874,0.0065906664776289,3.2352147773435505,1.5483176476220584,2.348296382508789,1.3872895733460986,3.3428677500661936,3.407684527018799,1.2230705506105513,24,18,6,0.7452945698389044,480.667336460491,124.72619314060714,469.9523002493319,432.0904332280466,86.39962480432654,434.2556155728728,590.4876269194348,191.21144664004893,0.3238195652593031,0.1949626796868097,0.1373817934105278,0.4793137954233077,0.2029812207299922,0.8110357570061009,0.0939358714528618,0.6387519639308772,0.8269502614612335,0.1406035671309703,0.6649532322659996,0.9382865586909452,0.0117807962388776,0.0083014326070217,3.7404930864355,1.6561602594839937,3.090377273141752,1.0281888734005182,3.2678960359779787,3.6084961092628127,1.329583083768582,24,17,7,0.707901663402907,583.1046180315504,124.78548035344674,576.9492247321849,497.9873637621649,109.38465603060264,491.75439098307066,637.6802679683582,223.8283197223132,0.3510039920718067,0.248824796613989,0.1131695994866773,0.5359011961191422,0.1864239555976546,0.7605750574079359,0.1060626624689385,0.5700070725664832,0.7789069848650476,0.1143174637026532,0.782193178505534,1.2315689093900628,0.0162978896271223,0.0078121898033106,4.034379749831023,1.3861734337291711,2.564819595322827,1.0617211117246577,3.532222698991276,2.768680161538067,1.4196741292250643,-0.0331742793783914,-0.0705671858143888,-0.0373929064359973,-27.006577861870483,75.43070370918895,102.43728157105944,28.327249579828333,94.2241801139466,65.89693053411827,-0.0001495475455098,0.0043675458427349,0.0045170933882447,0.2008115822440137,-0.6390043654807318,-0.8398159477247455,-8.133752108529883,3
S_00264,P_073,1.0.0,2.5,3.5,4.8,900,750,600,mouse,Android,Chrome,1536,1440,1.0,1229,1333,60,48.4506169123005,15.79587928312082,26.57390200701929,37,24.84581110307117,0,0,unknown,Female,23,18,5,0.7818153181649273,502.9480457743097,108.00451068898968,493.9527066183501,423.33247725639006,91.27148593242642,430.5515801822249,545.0108407535126,188.9028979233435,0.3466039274781636,0.2077082190329944,0.1428500839928374,0.4805026650963563,0.2067638573080697,0.8398600127501507,0.0842929677786352,0.6067024321452908,0.8191629932539422,0.144957164994379,0.8976319246570399,1.3234296537470112,0.011812308986186,0.0071853447715859,4.17375584982846,1.405375249042838,2.4790937215408984,1.3329679183078615,3.2322787231855137,3.373284588513707,1.188625720237651,29,22,7,0.7459188934288393,540.5060054396447,119.90978862489226,562.4863167445703,476.2973279228422,99.36679715561478,465.1994079037749,584.8992001564807,167.85128908525525,0.2869747283640484,0.211768837513583,0.1400660389494146,0.5070931424641678,0.2073090230830542,0.8109675464715532,0.1045228201570735,0.563358595278994,0.8469327557142626,0.2209057203802606,0.7860114348157973,1.0316346678858626,0.0145899570455018,0.008068347647061,3.894374471335417,1.4982342318890371,3.091798637385264,1.4715882470314952,3.3024348271832045,2.918547833378709,1.364519231048305,27,19,8,0.7153767117241266,567.4569287362204,138.90283527955373,545.3574753029073,448.1668314134433,105.72376012453132,471.1342354262892,568.6917966261308,210.1212834673583,0.3694818260329086,0.2387800867894404,0.1795088885760999,0.5507078115775954,0.2012552852722031,0.7766059902778785,0.1081963165396314,0.6079896688420175,0.7460779198867531,0.1538615111534424,0.7244977499882373,1.1391765057941683,0.0147380099098477,0.0077864728613377,4.8821005435344,1.185645500002312,2.759426584569129,0.9227404214774506,3.3585122782107173,2.548634157793802,1.1910571298622392,-0.035896424736088,-0.0664386064408006,-0.0305421817047126,37.55795966533498,64.50888296191073,26.950923296575752,52.96485066645215,24.83435415705321,-28.130496509398935,0.0027776480593157,0.0029257009236616,0.0001480528643458,-0.4547367551349981,-0.8246504307199052,-0.369913675584907,-8.810575007239754,3
S_00265,P_073,1.0.0,2.5,3.5,4.8,900,750,600,mouse,macOS,Chrome,1920,1440,1.25,1668,1071,60,53.92696006395469,16.48268454009009,23.739712473711315,14,7.859055886648599,0,0,35-44,Male,31,26,5,0.823309007712993,495.86187638896587,93.94505862772368,495.8481796631196,354.15467392514347,84.13939071019277,350.9084313187658,592.9142538679381,162.85270155457974,0.2746648448611129,0.2570714582675737,0.1420669506923222,0.4133776095039595,0.2215328121131729,0.8312574005479468,0.0911788491981248,0.5903813153120869,0.6774891813891634,0.1550322016791667,0.8528698231173147,1.4617206313013529,0.0100520154068105,0.0052298171927738,2.960754332391924,1.935993338829518,2.4449036294174222,1.229197286909505,3.288040881523387,3.5038233355367487,1.6278212252169766,28,22,6,0.7827864118923648,500.4753807545091,111.77348254025414,519.5740291092148,398.93866686549353,95.35155203404268,387.042728244292,538.041039274895,182.83155213066675,0.3398096776726632,0.2175067464251162,0.1043014417357784,0.4543103666063778,0.2066342002517529,0.8026508702537319,0.1020079248812357,0.6302456377184549,0.9217664358782236,0.1479529194472937,0.7645916724433889,1.0171371448870363,0.0133216978583399,0.0061378026899365,3.468120155454008,1.178115315033952,2.510157921108401,1.2236348037613722,3.07584670161505,3.337076527893702,0.99016849497864,29,20,9,0.6938270816593981,594.0904127193596,118.2976825683454,573.2088520645046,457.3939360191313,107.15921022973949,446.6492366183192,593.8878968175425,207.2995876671808,0.3490550805598729,0.2698256930809349,0.1497775923284877,0.5314617147276844,0.1994411610808654,0.8333578762041725,0.0858122614059731,0.6717279899472721,0.9905608806345704,0.1565102327717571,0.7175150976694754,0.9463164427088911,0.0129798732894443,0.0067007386880334,3.211037191804948,1.6164432686217065,2.653945809528604,1.1324486199337305,3.309191975625408,2.552355343861649,0.8853635824003896,-0.0405225958206282,-0.1294819260535948,-0.0889593302329666,4.613504365543236,98.22853633039377,93.61503196485052,44.78399294035006,103.23926209398786,58.4552691536378,0.0032696824515293,0.0029278578826338,-0.0003418245688955,-0.1667468076430469,-0.9514679916751,-0.7847211840320529,-5.919524591410622,2
S_00266,P_073,1.0.0,2.5,3.5,4.8,900,750,600,unknown,Windows,Chrome,1536,864,2.0,970,698,60,56.93782329409869,17.800536950784107,26.662238070567607,21,20.69925190046185,1,1,unknown,Male,31,23,8,0.7528446975376404,455.8333245213565,102.31007107362434,457.76730183548,394.1377475847901,92.34694812160105,394.0118032936378,550.5087605285103,187.9620866931772,0.3414334160871956,0.1761650184985947,0.1457609162634647,0.4051737072757443,0.1744044157643404,0.8884683162680616,0.0730516960563473,0.6467203575422179,1.180082010205495,0.1508110332238642,0.8468978625061531,1.1120240750021153,0.0107748278094891,0.0078269452319213,2.55984184342062,1.0905664118027885,2.2715064175049515,0.7410227566767968,3.0633384271023387,3.791152802181277,1.172177118335597,26,19,7,0.7404913757178756,483.74357003128426,105.58013023228364,493.6809099218499,437.3901912670301,97.83685655383982,449.4484989450807,626.4773691640116,171.87514923422845,0.2743517287201983,0.2170274993129195,0.1205643955536563,0.477324633021422,0.1806694542615657,0.8321328436826586,0.0835502335886433,0.6037024071789192,0.982320157793076,0.1171441544951664,0.8658995625715975,1.2293193229562511,0.0120430505788736,0.0074832996242822,2.5989215029496058,1.4165836488874417,1.864014826038539,0.9754948462256544,3.117846478123779,3.3447020343882774,1.0905184587353394,23,17,6,0.7312709647073473,518.6947105565823,100.48998146935838,507.59355386393867,465.6395646472239,110.27928135558771,481.383715547448,586.3050851964127,197.75236667965643,0.3372857777848016,0.2265067665101776,0.1809598370828609,0.4687317471124334,0.1894329930032211,0.7957454102233474,0.0874668471472735,0.6569174207305285,0.9207000750637796,0.1543197549219978,0.7523261686745635,1.2836516239296698,0.0136544610946437,0.0063283047162092,2.59292582835804,1.2775568800024246,2.3631690072314244,0.712049268057731,3.6324417145316734,2.781599099003313,1.461585481788834,-0.0123533218197647,-0.021573732830293,-0.0092204110105282,27.91024550992779,62.86138603522585,34.95114052529806,43.25244368223997,71.50181706243376,28.249373380193788,0.0012682227693844,0.0028796332851545,0.0016114105157701,-0.4464507677929998,-1.0095537031779638,-0.5631029353849639,-4.042178999591297,2
S_00267,P_074,1.0.0,2.5,3.5,4.8,900,750,600,mouse,Android,Chrome,1440,900,2.0,1299,597,60,49.83669945274613,17.460883198179467,20.54090558069965,0,20.46295756513875,0,0,35-44,Male,31,28,3,0.9119304842264544,342.1743550679663,90.29873023511924,344.5678845748397,351.7640861952254,80.12248937608037,350.93483772897906,460.2772100327768,156.46102394642335,0.3399278098850073,0.1551482011539527,0.1201538916029391,0.4341090267677126,0.1484475200568766,0.9177924054360392,0.0773434504743941,0.7909672857310244,0.9889833841676844,0.0947252495121739,0.994205360976672,1.2536478018238122,0.0070382710431192,0.0050447315852724,1.701332868125618,1.1169745129740032,1.391700662360049,0.9062088462310532,3.1589766314386134,4.777292091322216,0.9352859589234672,24,20,4,0.8535310632624314,402.3418439798395,77.04132116024127,391.66072150076167,331.53008139607323,76.8956597857199,345.1956769987417,458.8341929203286,152.01636308348176,0.3313100144432298,0.2024494200255212,0.0901181202835621,0.3376940193689183,0.1702939031515864,0.8592380030180282,0.0796403644992163,0.7170078523767289,0.9341268902654548,0.1389307944975846,1.0483181786513902,1.211361621100442,0.0078495698593637,0.0033656989307583,3.2857485947253355,0.8573043171839442,1.9055583309301696,0.7659294175268345,3.158021667913731,4.400723960177239,0.9233847023570804,31,26,5,0.8334589821238042,446.1133301259695,90.97116055876548,467.712646391049,347.4720181930498,74.13416726181057,350.765533892094,533.848431354024,158.49601429019788,0.2968932846504714,0.1718038439777491,0.1026628998525681,0.4096105153851671,0.158725998314185,0.841378636889698,0.0739795911174032,0.6687977394565479,0.8601484351006381,0.0937486017439268,0.960553833413444,1.3238576067730892,0.0108719085676816,0.0070610629115324,2.637571690660141,0.9985503539533972,1.9503579261699568,1.2949570381871411,3.5219084565913863,3.122958515785816,1.0371931134497758,-0.0583994209640229,-0.0784715021026501,-0.0200720811386272,60.16748891187319,103.93897505800322,43.77148614613003,-20.23400479915216,-4.292068002175597,15.941936796976565,0.0008112988162445,0.0038336375245623,0.0030223387083178,-0.3765681311449764,-1.6543335755363997,-1.2777654443914233,5.250248118190178,0
S_00268,P_074,1.0.0,2.5,3.5,4.8,900,750,600,touch,Windows,Chrome,1536,768,2.0,1438,491,60,50.50684440550447,15.369642316413684,20.9644213854466,22,15.920907864195778,0,0,18-24,Male,26,23,3,0.8738248021284993,446.59798297330826,76.69557827439517,433.68385357808063,345.23511776231766,73.81148495090832,318.2700528477689,589.6144186651138,152.72167262670135,0.2590195690472818,0.1805739503370816,0.1050292370006855,0.3995970792247142,0.1518029785217939,0.8627153128028344,0.0956679808446397,0.7202497568048885,0.9763199480318594,0.0982425978637106,0.991033102904992,1.1154639771276216,0.0082846883813653,0.0045228734005573,2.923007326267862,0.8141499497626444,1.307559407104257,0.5488793625847219,3.066498150200318,4.255529596859676,1.2050642734400492,27,22,5,0.8194501605183733,434.8565898435976,89.68325614236886,398.7079719032344,356.6990965991154,92.090879160888,346.7816271988477,508.442415478516,170.3203066777386,0.3349844574187289,0.1796625343409894,0.1199333784097581,0.4299336502333103,0.1716473024436481,0.8412092854943757,0.0958634290974808,0.7215081129054907,0.7808716306005297,0.1180455704507365,0.837877466708427,1.3021896716151664,0.0106126221713711,0.0057267258877039,2.308906788340795,1.081416825255473,2.077479286454494,1.169563647250738,3.446963167991716,3.5131035375986497,1.0304798128994797,22,17,5,0.781967171501675,441.7894970186916,88.15435531013746,461.0889552124729,427.2146604384035,87.44949384961501,426.6439320576323,557.4606808016899,181.93299652214816,0.3263602309323564,0.2078822140398838,0.1302357025198449,0.4525743120732083,0.1619398690517051,0.8325474331084673,0.0644510394873092,0.6749853808593972,0.8432693588190553,0.1303855391954305,0.942648516341546,1.2315511291505323,0.0117587719932396,0.0068902783478559,2.58457858534996,1.2442066228507935,2.372181264466903,1.191776656675512,3.810478002826339,3.3396128567119283,0.9282068418869132,-0.054374641610126,-0.0918576306268242,-0.0374829890166982,-11.741393129710673,-4.808485954616685,6.932907175093988,11.463978836797764,81.97954267608583,70.51556383928806,0.0023279337900057,0.0034740836118742,0.0011461498218684,-0.7424260592610259,-0.9159167401477472,-0.1734906808867213,1.5665176525241509,1
S_00269,P_075,1.0.0,2.5,3.5,4.8,900,750,600,mouse,Windows,Safari,1440,900,2.0,892,575,60,55.52332203153232,20.513474771199856,34.02471322001142,33,22.77419778777406,0,1,35-44,Male,26,22,4,0.8465183739191527,436.28547318105296,77.3452870777297,432.4264387884259,334.70834019891066,82.83569607744172,323.9259409995564,527.6326698440026,164.95534373851075,0.3126329228007823,0.1802785321122121,0.0869953908743964,0.438936448355994,0.1512445098339873,0.8892038985991225,0.0727118706412713,0.7477050457941292,0.9395392162290646,0.1092800674529486,1.1010693641353964,1.2567813581578162,0.0092413283233729,0.004508386821195,2.6054996456504544,0.9791570345971322,1.6228179248068275,0.6784441110321576,3.393730974679226,4.513894251542327,1.0640419249790656,26,22,4,0.8606390799513453,390.0656259711664,87.30496138465365,387.5148135474692,328.7733624816524,74.74309840215987,338.62851038712245,485.1907817675948,161.1797595781314,0.3321987260164726,0.1971240623959887,0.1274478862509765,0.4771828788715637,0.1719977908301242,0.8704117564034904,0.0759763342332666,0.7162122943966504,1.0140163833956273,0.142892634898873,1.022023179066046,1.449927669992938,0.0127102872034059,0.0056492710451014,2.331132710104785,1.034893786674954,1.7595065386486255,0.7266500816128069,3.227994865827032,3.729474610678872,1.094971137064635,31,22,9,0.725299780517173,437.79878554669847,115.02665062198804,428.3520854295559,401.7998594067207,90.86608582583668,398.3524687582498,557.4178521295478,170.78651441247158,0.3063886701152506,0.20139962986241,0.1030252113344809,0.402840361588322,0.1459789343933149,0.8305352047746491,0.0677451589407951,0.6441529743398562,0.7014746333450734,0.1568767998508032,1.062382162360166,1.566491502285324,0.0137808300136656,0.0062486364834632,3.0099941262822605,1.1418073772245798,1.762899008846636,1.0813882500249026,3.578606267372042,3.474364425420896,1.122277710256034,0.0141207060321925,-0.1212185934019797,-0.1353392994341722,-46.21984720988655,1.513312365645504,47.733159575532056,-5.934977717258278,67.09151920781,73.02649692506827,0.0034689588800329,0.0045395016902927,0.0010705428102597,-0.784419640863455,-1.0395298261214312,-0.2551101852579762,2.588957661676066,0
S_00270,P_075,1.0.0,2.5,3.5,4.8,900,750,600,mouse,Windows,Chrome,1920,864,1.0,1599,639,60,53.840278316316805,17.329545498612255,17.823343852417615,14,14.85338349291461,0,0,55-64,Female,28,24,4,0.857171625276605,426.8574088472416,73.421568882739,444.57148761314687,360.51418886761286,81.26318815545976,358.91749190497694,525.7487899355496,169.47269254031062,0.3223453782196739,0.1435485848405536,0.0985166401152996,0.4182540537216747,0.167673147613673,0.8728626306137781,0.081400880103437,0.6602685010223988,0.933340915733598,0.1315009024069022,0.9514494758668248,1.409558642764252,0.006802709102482,0.0054450256362902,2.97867477586168,1.0333415032059636,1.5155125766067092,0.9794054503689852,3.197402145383512,3.988015591305441,1.3811951635233497,24,20,4,0.8217244789954118,423.291563312144,84.79454638654119,417.207915182107,363.866151655504,108.4694391313036,358.73083800464326,565.1520484480542,176.19621636308727,0.3117678098255753,0.2213632063881461,0.0727142378912068,0.4031443225405587,0.2013039719203161,0.8850797805667497,0.0679577856282222,0.5765835945778619,0.846686209019899,0.1423294601550596,0.9272107075024322,1.268266346110757,0.0084843386050897,0.0056560504499162,2.771381999904572,1.0965640774974283,1.4199087664320635,1.121606395015008,3.449864372238202,3.5370339204127204,1.0767633471305067,23,17,6,0.741113988388117,490.9927824801896,108.64915750566044,474.87121391112646,432.17630690547054,98.07403596623064,398.07105367211705,632.6013479740238,178.993809787374,0.2829488276631429,0.2260637934018543,0.0809049451950658,0.4646601525448217,0.214095107031324,0.877894271737355,0.0790978205663574,0.6432592721316231,0.9658967155995486,0.1886152832104748,0.8070857374401379,1.5554126947480416,0.012426513347849,0.0048609066500798,3.063637930731245,1.044291116660793,2.367307001987708,0.6741802608232648,3.505246005709136,3.5555486454293765,1.3270841872264851,-0.0354471462811931,-0.1160576368884879,-0.0806104906072947,-3.5658455350975373,64.13537363294802,67.70121916804555,3.351962787891125,71.66211803785768,68.31015524996656,0.0016816295026077,0.005623804245367,0.0039421747427593,-0.4509816708927201,-0.4324669458760639,0.0185147250166561,0.5042098867866932,1
S_00271,P_075,1.0.0,2.5,3.5,4.8,900,750,600,mouse,Android,Chrome,1920,768,1.5,1696,637,60,43.85386502769451,17.833502564819184,25.265200192622476,18,10.35553697140606,0,1,18-24,Male,23,21,2,0.9109566590531032,393.536820910498,109.67894128586326,405.0339878764936,366.07796166870895,74.89137653949727,356.80167068955427,528.6962768725515,140.13526937009075,0.265058173284379,0.1680106229706245,0.1511032437677812,0.3830678625735376,0.1817857745828499,0.8960869954649636,0.0764513978745605,0.6384496612609949,0.987884665378592,0.1139807804778589,1.0585269228867369,1.4432906386671591,0.0094715493314444,0.0060599637746618,1.9861835936397696,1.4491057938586414,1.5310870681769129,0.8806011044491627,3.393844447587791,4.528793693445147,1.0176459065342731,22,19,3,0.8471942362702584,440.89496648713714,91.92751040629553,427.06001521191575,341.52293599788817,90.5938602486356,331.9196997880119,550.133965774505,133.6955992652551,0.2430237134641051,0.1860908311499922,0.0894677165899829,0.4640700608110907,0.1659349768005581,0.88887139479006,0.0647037890027191,0.714538319841298,0.9654911920878616,0.1810298400416035,1.0337126639315175,1.5507953044271372,0.0136165570970077,0.0059711903332903,2.5813934149978186,1.0947797724577537,1.922056368313611,0.3990888876655243,3.320348931156257,4.161600963015021,1.0297358396955,28,22,6,0.7728845358852559,419.7028842899362,115.26428933621904,423.56313728195744,354.3799423273789,95.04729432363622,343.63516168953174,567.3338696917442,170.00350000784624,0.2996533594939715,0.1996577185638973,0.1080115099456832,0.4369070068409063,0.1485571320114334,0.8312253627862581,0.0635368850749189,0.7014584229321558,1.079991124800109,0.1220847061058233,0.8600926518813566,1.146642631611294,0.0121675687925779,0.0059442704854566,3.134417005753725,1.2254289206984152,2.535871036863466,0.9651862244339838,3.288627772839396,3.027010422823885,1.2984814425509887,-0.0637624227828449,-0.1380721231678474,-0.0743097003850025,47.35814557663917,26.16606337943824,-21.19208219720093,-24.555025670820783,-11.698019341330053,12.85700632949073,0.0041450077655633,0.0026960194611335,-0.0014489883044298,-0.3671927304301263,-1.5017832706212615,-1.1345905401911351,2.5859037204363786,0
S_00272,P_076,1.0.0,2.5,3.5,4.8,900,750,600,touch,macOS,Safari,1920,864,1.0,1155,801,60,53.13705790721439,16.350269510821253,19.640408155848,35,11.35493216075962,0,0,18-24,Male,26,23,3,0.8808717578696897,409.632718134862,90.4177889115033,428.69614005798,319.71663584250985,72.41463468202294,333.64269087548325,477.14732672764313,160.0050016394811,0.3353366825647382,0.1538288746078726,0.0933189885434526,0.3210969316670564,0.1503257071818776,0.9155730748643576,0.0584015974718115,0.829560051590547,1.009523868168938,0.1075164099759864,1.003850191234562,1.177402680171309,0.0090246454397619,0.0045840879755679,1.6942580095585245,0.561190281227125,1.7818563714008215,0.8785448514847548,3.3659854081332616,4.956207257613945,1.143279964549248,22,18,4,0.817230123400877,413.9933626145304,88.86259673752302,420.98885835833687,359.0487987017275,86.92185019102014,351.38153701211166,467.32122886283656,174.39575711223924,0.3731817566614893,0.1733704068446278,0.1253394170068118,0.4343316267667619,0.1773679734274923,0.8783144554125643,0.0789166990194111,0.790971223375864,1.1137791672218806,0.1196939604915358,1.0516193512199257,1.3227636769068554,0.0118351856823935,0.0035002732944175,2.2812315634983884,0.9552285520456826,1.378782831411708,0.9383543018559508,3.151178659132328,5.132316184646408,0.7744992860747949,29,22,7,0.7724657510603457,401.583949788437,97.60899171960796,386.36578819746455,383.41466865571135,104.43555976794973,393.3418852008142,558.9602851294298,171.57846064516363,0.306960020612974,0.2026245027847232,0.125815635434649,0.3791159176048282,0.2034621848464411,0.8448320996730428,0.0557547317161714,0.6597895699487,0.9220661977966268,0.1181804926274416,0.8174374255825009,1.181957284852909,0.0101215770123422,0.0058332406310049,2.1681155309604687,1.4887260460682532,1.971139063029564,0.9166739905085062,3.577468512479465,3.2496105976305003,0.902771385849654,-0.0636416344688127,-0.108406006809344,-0.0447643723405313,4.360644479668451,-8.048768346424993,-12.409412826093444,39.33216285921765,63.69803281320151,24.36586995398386,0.0028105402426316,0.0010969315725803,-0.0017136086700513,0.1761089270324625,-1.706596659983445,-1.8827055870159075,4.335653494141678,0
S_00273,P_076,1.0.0,2.5,3.5,4.8,900,750,600,mouse,Windows,Chrome,1366,1080,1.25,1129,822,60,53.77682850050399,21.877630245102967,23.75255992510368,1,17.515718623225034,1,1,18-24,Female,30,29,1,0.9515208573198886,364.552048270404,79.64695835309561,360.402460393051,337.33742400193626,61.943797750191926,328.6099477239137,437.0719542980015,155.34260463114066,0.3554165466430866,0.1336407766968041,0.1114125882979719,0.3280958180783034,0.1234237206358816,0.9118259595943284,0.0829928947951121,0.8177134647982457,1.1312072003248357,0.1144790653352471,1.035835705582144,1.4774480346775358,0.0068580094463572,0.0045497445322994,1.728691814679816,0.8636463487371924,1.212064563107273,0.7786522981417886,3.093850252773691,4.80130483555718,0.9528538311722994,28,25,3,0.8893926076311935,363.48356422035823,86.22322472872655,373.4630228203832,350.87908346310707,89.55900131017913,363.4717487305121,505.56294360921777,176.6504651619873,0.3494133962843049,0.1449492093547721,0.0798961018779048,0.4146021616839626,0.1311316195578881,0.8745369575525576,0.058490942185988,0.7982734584792736,0.9651818874254032,0.1035831209685318,0.9812413579642716,1.5035183830706014,0.0076384384687055,0.003456159397604,1.4659146730043324,1.1114838175676338,1.6416392645758229,1.079274829478321,3.130854002508162,4.40959118350884,1.2936588291339235,26,21,5,0.8103994168691295,394.5403513717693,92.66951676871682,386.5910897685354,368.8338398164543,85.19462584705168,375.8542632886646,509.6118706267852,160.40509214223763,0.314759332322756,0.1638175220710992,0.1334342194377362,0.4049426397033626,0.1502703256075336,0.8509054843267475,0.0678324945291071,0.7416372322160971,0.9358142157770892,0.1484622596526968,1.0344711662214536,1.3558363746278208,0.009568166971262,0.0059486859892472,2.3078147421807933,0.7242016405798651,1.9641990836150425,0.6842982283053578,3.614275116374991,3.11852174936624,0.8742645413018856,-0.062128249688695,-0.141121440450759,-0.078993190762064,-1.0684840500458108,29.988303101365204,31.05678715141101,13.54165946117081,31.49641581451806,17.95475635334725,0.0007804290223482,0.0027101575249047,0.0019297285025564,-0.3917136520483399,-1.6827830861909403,-1.2910694341426003,7.132638266884772,0
S_00274,P_077,1.0.0,2.5,3.5,4.8,900,750,600,mouse,Windows,Firefox,1366,864,1.25,1084,714,60,55.01876133495304,21.23855980831337,31.152328718581305,23,25.05196007078165,0,0,65+,Female,25,21,4,0.8269624786879243,441.7074601255876,85.18586934107593,418.823657157631,352.6781343387183,97.34635822062418,379.7294490012651,536.3203357155544,148.42517696157276,0.2767472480109206,0.1796900045624743,0.1647224883869809,0.4266297701905982,0.1664284233348776,0.876973618432891,0.0807022304777864,0.6734580612712433,0.8137235145106346,0.111215070634995,0.8522653474918416,1.3220303188611031,0.0105116952990763,0.0053777097202549,2.9629067621097773,1.3010898968962323,2.185065821318634,0.967535247946546,3.1883642733739865,4.026029236882364,1.0124925408480283,26,21,5,0.8127242701473608,469.9692885338792,91.45159713335794,486.5956231214561,398.1806770528055,90.00595322726731,389.1253975892965,555.2621812526381,182.9352479154188,0.3294574240635798,0.193806676586084,0.1280594797541482,0.4945048769203063,0.1855568334346076,0.8321616178070625,0.0756216501379389,0.6349838764008928,1.054101648577837,0.113247510684469,0.8739087655774694,0.966827979737799,0.0114363066121128,0.0066887393277751,2.5060289426315503,1.1962320834026072,2.2801408198862685,1.0901231128401576,3.3708437400831617,3.177332892105943,1.2074116501371157,26,20,6,0.7501584647451798,444.5919143368972,106.14282461098767,443.1087579144103,455.8572893828265,103.30213602030982,453.5978603626659,611.2406561875239,213.58585746541704,0.3494300572177427,0.2277412106708515,0.100457379388696,0.4318023802687646,0.2018033044804514,0.8148850409705385,0.0816962749470551,0.5656176798159197,0.8373176044204338,0.1611138638109375,0.8699910901822627,1.053691050617009,0.0110454815780608,0.0055124430851049,2.9257274309370698,1.0046088058613778,2.9099058867216145,0.6104950998800415,3.5544557064707707,3.34389109001477,1.312015189685334,-0.0142382085405634,-0.0768040139427445,-0.062565805402181,28.26182840829153,2.8844542113096168,-25.37737419698192,45.50254271408721,103.1791550441082,57.67661233002099,0.0009246113130364,0.0005337862789845,-0.0003908250340519,-0.8486963447764206,-0.6821381468675938,0.1665581979088268,-1.7887813829936567,1
S_00275,P_077,1.0.0,2.5,3.5,4.8,900,750,600,mouse,iOS,Edge,1920,1080,1.0,1819,945,60,57.23735850140672,15.756081426143057,21.02135770601029,39,18.14507056332419,0,0,45-54,Male,27,22,5,0.8236982729716523,398.37508070136585,95.3524236831151,388.1877091430624,386.7373564925372,86.66031541922575,373.1105933697767,513.326812595018,173.47050511507288,0.3379338481037615,0.1934386921296016,0.1244971659311937,0.4229478833351272,0.1802870449726873,0.8699067290643877,0.0806522384365298,0.7080179242331165,0.893699686283842,0.1585247127869833,0.8735587395044311,1.3615708566609723,0.012160714583163,0.0065238068073486,2.881265241501068,1.1257955252600351,1.8238508861117997,1.097648415527324,3.193229660199839,4.339357592918295,1.0855032272391063,24,19,5,0.7751985152556848,423.8584133414646,104.72766932981892,415.5601310123056,416.64914681028574,102.13104729289655,407.1817883368648,590.9862903493519,186.52020107304696,0.3156083383301304,0.2240202055806437,0.0903196585973101,0.4193240643276676,0.1618950123476029,0.8706651209587751,0.0757498508461714,0.6102213195721357,0.861020191562919,0.11428530389777,0.9108436703529128,0.941285139946516,0.0101496547686327,0.0065567608300297,2.593906756299708,1.5314115491292792,2.172856152594775,1.2801057228137314,3.3736874976279645,3.561102711841721,1.0042073730582564,24,18,6,0.7428580888543477,550.3928760844512,114.40664936346322,556.353920728734,431.5959403474427,105.44066095493646,417.6404407926288,640.962680713051,191.33954015623425,0.298519002609286,0.2090279176907965,0.0900821204586235,0.4427313018888038,0.1753233639247427,0.8425483681295273,0.0987745013086722,0.6483724313469973,1.0460202962044345,0.1414110381275303,0.7371334317554523,0.9361541498012402,0.010503661432628,0.0052439893902738,3.2161824588563888,1.304929664950332,2.445609496300207,0.9157643707996648,3.569342190762613,2.8386242417799603,1.1551984013974903,-0.0484997577159674,-0.0808401841173046,-0.0323404264013371,25.48333264009875,152.0177953830854,126.53446274298663,29.911790317748512,44.85858385490548,14.946793537156964,-0.0020110598145303,-0.0016570531505349,0.0003540066639953,-0.7782548810765735,-1.5007333511383345,-0.7224784700617608,-2.032582773149712,1
S_00276,P_077,1.0.0,2.5,3.5,4.8,900,750,600,unknown,Windows,Edge,2560,1440,1.25,1985,1006,60,48.91903306440119,18.28466744937772,18.416269385883798,22,27.208582009620105,1,0,45-54,Female,29,23,6,0.802568097905179,452.5878327525272,101.60779347442778,475.6427041774883,404.23587366006734,85.65559222366896,404.3719177166461,547.3669152950604,179.56772571507705,0.3280573244334293,0.2007216431227704,0.1629036529830885,0.477872800141025,0.1781885101884043,0.8861635091172978,0.0902415446199392,0.6521143107672346,1.0038993970165042,0.1132719918362028,0.7829645002731559,1.1367057203001336,0.0105000436581603,0.0087784667784381,2.7875946191194445,1.3489991109522497,2.209963445319651,1.3519670629523628,3.0508158466933195,3.1498787060267626,1.4148774521051746,26,20,6,0.7737800566927726,506.5284554777275,109.90105996468552,491.0783268412423,405.156399942016,91.44650440396173,429.1114843733845,544.4158600899934,183.5034894794977,0.3370649221151715,0.2051145213319587,0.1112769468936749,0.4677025750612072,0.2209538050045307,0.833737237010742,0.0757192861600673,0.6772413791465031,0.8343472852832525,0.1756823985952591,0.8311058275092786,1.1965753436463635,0.0149508360271278,0.0053532507919072,2.9132816360968814,1.2756400490536566,2.290383732428841,1.6341261871199029,3.1867908017006914,2.8976149725362528,1.0653369961594774,26,19,7,0.7287255630745137,501.4077151274364,111.4157712164892,472.22968004169775,442.1170389461325,107.40590584093988,419.4491803826492,587.6065103235312,187.5200923243134,0.3191252803190802,0.2343488041989945,0.1235367537851349,0.4361595349042448,0.1968548469972171,0.8063963798390809,0.0851888965703285,0.5849936855925151,0.865966746398509,0.1361719247487304,0.8287299756116896,1.26250678742145,0.0118538442166787,0.0081678642292336,3.167005223643428,1.1133020177551811,2.6389606969905555,1.2126519891863825,3.60065069568936,3.0584489129887165,1.127756778876173,-0.0287880412124064,-0.0738425348306652,-0.0450544936182588,53.940622725200285,48.819882374909184,-5.120740350291101,0.920526281948696,37.8811652860652,36.9606390041165,0.0044507923689675,0.0013538005585184,-0.003096991810449,-0.2522637334905098,-0.0914297930380461,0.1608339404524637,-4.378553346346813,2
S_00277,P_077,1.0.0,2.5,3.5,4.8,900,750,600,mouse,macOS,Edge,1366,900,1.25,828,541,60,52.47545695211948,13.275591349394292,21.765981408376035,14,21.185345041931505,0,1,35-44,Male,30,26,4,0.8824912935508564,453.2848892374692,110.28920577263808,449.8988100031662,389.59036893510296,81.15525703917852,391.6067095244514,537.1468101584122,175.30307152487168,0.3263596994519474,0.1910136980739071,0.1350287962939428,0.4454703292303731,0.181945093008896,0.8598828090225608,0.0773111918827009,0.7221061986142333,0.935814405256024,0.134580196548514,0.8990299082776233,1.4084225172092215,0.0078180931558965,0.0067030821685617,2.378114426192381,1.358162764486608,1.956092196076253,0.7643446267498546,3.250645968022505,3.974427584049361,1.1253336748322416,31,24,7,0.7863352997352233,472.04451644035527,109.42688485517516,476.7594194683463,419.2656936613569,93.90129641903876,403.7168781671402,555.7756577521353,168.0068215973462,0.3022925154312423,0.1880498395973682,0.1273259367083189,0.4302093006997161,0.2160920132803598,0.8265723794758495,0.0771008895349684,0.6670451696139832,1.0593402038550348,0.1546231539224826,0.9540966950547908,1.2920642800642168,0.0119010369382345,0.0084118701902236,3.7961861116252695,1.4228629368808647,2.512038122784612,1.2317233793133542,3.139103831580411,3.5220857086822157,1.3845329917969615,27,20,7,0.7301645772431338,538.5256843836723,111.15553849308009,527.1919898093126,435.1956834488668,106.73019670274827,427.8436534460492,642.2942088409106,215.85103267515245,0.3360625546736269,0.2255815473086382,0.1351124681782691,0.5167347604750221,0.1853710584190434,0.7850187069868167,0.0749146413016695,0.5550120622218347,0.7500305817800192,0.141477680279677,0.9110261935290396,1.219502580982982,0.0155318772149072,0.005269818974392,3.30674951504014,1.300877935367314,2.669254641571193,1.288742201485977,3.403252406213305,3.3916604251119358,0.907732924845273,-0.0961559938156331,-0.1523267163077226,-0.0561707224920895,18.759627202886065,85.24079514620314,66.48116794331708,29.67532472625396,45.6053145137638,15.92998978750984,0.0040829437823379,0.0077137840590106,0.0036308402766726,-0.452341875367146,-0.5827671589374259,-0.1304252835702799,-3.1429916164436476,2
S_00278,P_077,1.0.0,2.5,3.5,4.8,900,750,600,touch,macOS,Chrome,1536,768,1.25,1138,617,60,59.43615169704367,15.805535175967735,23.956334539675964,0,22.12976948479419,0,0,25-34,Male,24,20,4,0.8536953319637715,427.7858248872192,95.146359411201,427.95247305687286,369.4288827789406,72.54848383400471,363.1549036267552,571.471919223731,178.44688921154744,0.312258368624558,0.2053024248959901,0.1231283507820454,0.432747079808632,0.2080164509503074,0.8910644903532217,0.0969577610360602,0.649610589694241,0.8181358744041036,0.1175370305092522,0.8630457291068386,1.0148274628991465,0.011121795539759,0.0066099702447943,2.845084252127572,1.3126330186635262,1.4655964165331463,0.935402480515762,3.15597973341702,4.051848207667948,0.9124485248595195,31,24,7,0.7763449709249516,445.6532297178794,106.5604817174773,441.72517539052046,410.85521718455067,91.69590970782455,410.84335046405016,571.9386496276894,172.4831354998307,0.3015762890165068,0.1917880858380259,0.0943926885403492,0.4284392787742395,0.2009121421393235,0.8749308873438902,0.0743626294877646,0.5665595378033811,0.927752842618518,0.1375743703596536,0.8047647374647366,0.9213831499284402,0.0101737237391012,0.0057464739833097,2.5259335276855968,1.3802652433517817,1.8409395774283224,1.0338933665138386,3.676023393312947,3.715982547424728,1.1140852204689218,30,23,7,0.7668491406398131,502.9923170763821,98.26576268040084,509.1596109774096,405.7773143591601,98.61421368646526,383.85786234231966,608.8816557585469,190.34485863233124,0.3126138828984738,0.2537732391233032,0.1279578224350319,0.4218352830925842,0.2174676909688953,0.8137894256979872,0.0595339310638313,0.5322651013564187,0.9175873519063148,0.120920405848194,0.9525037332765958,1.3146608716057009,0.0143296809331648,0.0059526134347262,3.523939837602576,1.305197410622082,2.319150882026688,0.8183252311037398,3.5377792563564365,2.546912658474357,1.271138175804422,-0.0773503610388198,-0.0868461913239583,-0.0094958302851384,17.86740483066029,75.20649218916287,57.33908735850258,41.42633440561008,36.34843158021954,-5.077902825390538,-0.0009480718006578,0.0032078853934057,0.0041559571940635,-0.3358656602432202,-1.5049355491935912,-1.169069888950371,-1.610562538855025,1
S_00279,P_078,1.0.0,2.5,3.5,4.8,900,750,600,mouse,Windows,Edge,1366,1440,1.5,861,1198,60,58.36839118715295,21.8960075086014,27.10606963054821,5,12.404026970204091,0,0,25-34,Female,24,21,3,0.8873159147927577,380.8475162122867,93.59126416579662,397.7467970623727,341.0887460774392,82.97194747786423,342.85490855950843,446.9191671954756,142.36910504612868,0.318556722325267,0.173316173426088,0.1036304967795007,0.445476197427746,0.2017939463171561,0.8638259338615701,0.0785196629649165,0.7957589502721463,1.029652801646186,0.1077046414818384,1.030994312278451,1.339864042545604,0.0114907283735625,0.005197465021009,2.264712910931353,1.316473603301468,1.7262688917504143,0.9905129438356592,2.9136002783618764,4.24018430850468,1.1984373508352535,28,24,4,0.8517357970923213,438.2324385142592,92.32439463399992,417.86611857022416,364.85263920859234,87.17651611894736,367.3862758207854,536.4289492505271,180.3875367718963,0.3362747984125859,0.1623152425962284,0.1332051363536586,0.4317314040075805,0.1869249225842595,0.9100706618495078,0.0728055114825748,0.6253895474842933,0.898645430903307,0.1348875677160023,1.001791498116294,1.27103498651896,0.0095392627922444,0.0042592406962893,2.1475506730369838,1.0752498656226852,1.8411302939300855,1.3818585656911146,3.066112502642274,4.121269437663509,0.9599413544163088,22,17,5,0.7800017568319929,450.5017961352841,110.40519219048234,435.0639402207003,398.0874989997287,109.05058797278885,388.9661949551056,615.1501411944347,184.63611504635517,0.3001480495279541,0.2354023214460442,0.1004789692485131,0.428198690943209,0.2194407437915243,0.8077162157499794,0.0735610591672124,0.550722734601295,0.6992191600271098,0.1243595197054515,0.8528584956368289,1.247841062545871,0.0132359761722251,0.0047854020241458,2.7066814656698504,1.3751443557700826,2.6336936953387684,1.2200151041278218,3.237050332087876,3.928171472985953,1.3468850608888967,-0.0355801177004364,-0.1073141579607648,-0.0717340402603283,57.38492230197255,69.65427992299743,12.26935762102488,23.763893131153168,56.9987529222895,33.23485979113633,-0.0019514655813181,0.0017452477986625,0.0036967133799807,-0.1189148708411709,-0.3120128355187272,-0.1930979646775563,1.1484650845165763,1
S_00280,P_078,1.0.0,2.5,3.5,4.8,900,750,600,touch,Android,Edge,1366,900,1.25,1075,701,60,57.2163028480196,19.65202905890917,21.131247102199644,37,17.80796648695191,1,0,45-54,Male,22,17,5,0.79410526801936,460.5702352325957,88.39939156421086,495.57570485292274,368.7763623802397,103.41045695388912,390.4566567421253,551.9251896802738,187.497271638838,0.3397150105568723,0.186974975329716,0.1638689590101514,0.4108235806621735,0.2142277533811036,0.8962353155074522,0.0823291495201956,0.6044039817673398,0.7341963907761155,0.0784252108611652,0.9650457317783664,1.386190808154674,0.0106497214394814,0.0061427337842143,3.328850040257429,1.3126491597436765,1.766330268226356,1.0692627963590082,3.507125766514797,4.210251382173237,1.0813294124614394,25,20,5,0.8070879567860374,449.3997069407889,94.57812002944218,449.5695364978397,423.3269456885342,99.45139315151452,428.2412920260651,587.6878339936195,176.11031563923703,0.2996664308030393,0.2128551958763859,0.1303814290445558,0.3853101959668877,0.1243602327206203,0.8525689994929051,0.0741258636293846,0.5668010600492455,0.7181599413891502,0.1558018031894008,0.9185030350001137,1.3842672154231006,0.0124105385980993,0.0053466156453769,3.336431278319264,1.3702374592194322,2.0774788212076203,1.0515851823320428,3.4388698785026786,3.3701857102296096,1.3029995893636288,30,23,7,0.7527394137017182,492.78330526416687,119.10436754424354,512.198278788922,412.4414479375272,95.86557465472416,408.14435538063526,631.4568388173019,177.63638537622776,0.281311998629922,0.2966733902680166,0.1120538266817398,0.4840384094132664,0.185362678665694,0.8161597013477302,0.0747303614635541,0.6611415132642456,0.808670962706669,0.1183303709342023,0.7739154166665337,1.3407127595618968,0.0152466005432658,0.0042582119478225,3.679305180871045,0.8567029414337827,2.350555459943686,0.798266832690317,3.617617230425744,3.334624286890413,1.286754033289048,0.0129826887666774,-0.0413658543176418,-0.0543485430843192,-11.170528291806818,32.213070031571135,43.38359832337795,54.550583308294506,43.66508555728757,-10.885497751006938,0.0017608171586178,0.0045968791037843,0.0028360619451664,-0.840065671943627,-0.8756270952828236,-0.0355614233391965,-2.5326143270884485,2
S_00281,P_078,1.0.0,2.5,3.5,4.8,900,750,600,mouse,Windows,Edge,1920,1440,1.5,1710,1333,60,56.83632481902124,19.64422752033028,21.74380096384129,21,24.420887392732546,0,0,25-34,Female,31,27,4,0.8743506513929032,444.2977585290777,86.73760828049025,463.3249770129694,372.1029721275781,76.96768138956283,356.3803303973672,552.4385479283063,162.25739368349704,0.2937112087705985,0.1810440255049267,0.1380911749048987,0.4248477311607025,0.1702161706879219,0.8522517476692753,0.0887416999111257,0.7251003290831008,1.3057795383157629,0.1163871821039325,0.9796154975463512,1.3784410311232107,0.0108066750604131,0.0049483913353006,2.5098030820753965,1.348585936114742,1.657806102321831,1.1453282880115423,3.2145073951960623,4.408276919231901,1.259961001291719,31,24,7,0.7758837444550954,432.25771744269457,88.54826116825231,464.1437582155126,375.0535292328378,91.91440736595834,362.804393119134,499.8876471158062,172.05694429325743,0.344191230341401,0.2180199344918679,0.1068124611663102,0.4506974632462223,0.2102597654009653,0.8212936066174841,0.0818792458272673,0.7349228729658207,0.9428373321037504,0.158040604658332,0.9728684987661594,1.588272073533088,0.0119042377607184,0.0077678089640019,2.90068919463949,0.9094949255314296,1.7483350167815757,1.1909632322858,3.4698034455957,3.798911538188555,1.3579356615132097,28,21,7,0.75142025164107,483.2656404983095,106.82696861806264,503.2226933962422,403.6773233189766,117.56479870209648,414.7445259920002,594.4440282897111,169.81331548601264,0.285667459684281,0.201404324348085,0.0900196504917897,0.4874429396827113,0.1608776530613244,0.8510917750624425,0.0738395013225525,0.6421783421120034,0.94154404134827,0.114367878775211,0.9017284213486736,1.3042130889767063,0.0143805660043485,0.0049557668722954,2.7818804442001297,1.314963644829055,2.607352723412584,0.8687900380554707,3.2987194516220626,3.304767199217974,0.9352920881093992,-0.0984669069378078,-0.1229303997518332,-0.0244634928140254,-12.040041086383155,38.96788196923177,51.00792305561493,2.9505571052596338,31.57435119139848,28.623794086138844,0.0010975627003053,0.0035738909439353,0.00247632824363,-0.6093653810433461,-1.103509720013927,-0.4941443389705808,-0.16337072699091468,1
S_00282,P_078,1.0.0,2.5,3.5,4.8,900,750,600,pen,Windows,Chrome,2560,864,1.25,2005,806,60,42.88345690751102,19.28534524896143,23.12678230582581,0,9.201703488660591,0,0,25-34,Female,23,20,3,0.8765134198146531,403.4313957319848,93.8426422565964,395.14150011638793,330.3335116818495,82.19921029599664,325.07476250169515,486.5617667960141,148.0425936713575,0.3042626934011089,0.1444312810515738,0.057184713421973,0.3984582421119483,0.1773860166377779,0.8658312652347532,0.091198871790361,0.6683037885533805,1.0278074554277112,0.123213701449348,1.128141974035516,1.559117872449079,0.0073146159719983,0.0067963816398349,3.098443257845398,0.7939605529352474,1.8627461893772244,1.1333652247289578,3.1680757729929305,3.554243740038724,1.0169085715394874,31,27,4,0.8808321055049343,426.3061197196455,90.12166100698346,435.1038067541126,375.9056288696567,89.39106581266513,385.3849679992924,540.3414735566971,159.77140150903907,0.2956859862289925,0.1384152553484468,0.1282007587476859,0.4448761244009662,0.1788350832052446,0.8548901945256179,0.0766995486902088,0.7316029296432852,0.9057855302513196,0.1440332169746796,0.8425591616856055,1.2177835522776763,0.0107226662432275,0.0067447000218554,2.2918387520991343,0.9864409771973004,1.4326592201245212,0.847955363877553,3.3583126957226432,3.4126826664307783,0.9948653786528426,27,21,6,0.7958625402020335,458.7489172778488,102.22179457329386,481.3404049952438,396.08976473115473,97.3656045588152,398.05452479412224,569.248814491362,179.89334372552597,0.3160188289303072,0.2057397023047093,0.0940448834510278,0.4815144497818527,0.1503071337601169,0.8340984889829981,0.0955521210875661,0.7047105487027143,1.0158343172259672,0.1482351439930225,0.8958545092135677,1.1106520810611102,0.0119432830087324,0.0063168906784154,3.143296502985454,1.306147505477711,2.462909076555873,0.9296108205370992,3.5127777227998247,2.8852528944822,1.3997319213680717,0.0043186856902811,-0.0806508796126196,-0.0849695653029007,22.87472398766073,55.31752154586405,32.442797558203324,45.57211718780718,65.75625304930526,20.18413586149808,0.0034080502712292,0.0046286670367341,0.0012206167655048,-0.1415610736079458,-0.6689908455565248,-0.527429771948579,1.5878202253550886,1
S_00283,P_079,1.0.0,2.5,3.5,4.8,900,750,600,mouse,Windows,Edge,2560,1080,2.0,2056,988,60,48.77440664951282,19.019380139219365,26.65648781022048,0,12.504870850708215,0,1,25-34,Male,27,26,1,0.9625276509484224,386.6150698003535,78.82781714733048,391.042904640635,364.9847649933554,75.8530877268934,357.9510113751112,472.23100442438295,164.39122725850908,0.3481161247743372,0.1789579954860602,0.1037763740988875,0.3762566234839407,0.1556175683871901,0.869110202146789,0.0731204540673862,0.7671008948456123,0.9191650613059644,0.0675335069454974,1.043291337290624,1.443184788447681,0.0090149408085775,0.0042215480140925,2.2067497661681417,1.0065807927073638,1.665089608128659,0.6867587757638107,3.3725304818137,5.2545481358152015,0.9991347762194835,25,22,3,0.8762243511620585,416.2865027705061,79.90924832444065,423.5804730123734,349.20138178564923,100.90704792516452,363.5546573450323,561.8946831386976,157.2739013752022,0.279899251754231,0.1736558546011066,0.128590616529241,0.46710294342343,0.1726866453184079,0.9029503454992658,0.0629117882961415,0.7066076673099837,0.7943139494835054,0.1059179677938771,1.0384177880191772,1.420239606951644,0.0122136270079013,0.0072661975098606,2.233438765865484,0.906360412831724,1.9337540069587145,1.134567699093669,3.3861872197678875,4.612999273824119,1.0640958753726195,31,24,7,0.770156983120482,428.2166409844151,94.70754118109528,424.0624838817288,371.5923947956632,79.26577418719006,396.9387138046479,563.1843882868981,166.6304400888932,0.2958719090132309,0.194302106121803,0.0930702364908369,0.4036679859032305,0.1454326925103261,0.8672521332409815,0.0697233615576749,0.7238192968542604,1.066109485532356,0.1389610124057382,1.0139943958973796,1.366140773890312,0.0133086960312929,0.0060349028772554,2.9986178090220523,0.854593760499755,1.9107163732113004,0.5147183451014414,3.694153440982473,3.6558885175092817,0.9090176716118956,-0.0863032997863638,-0.1923706678279404,-0.1060673680415765,29.67143297015264,41.60157118406164,11.930138213909004,-15.783383207706152,6.60762980230777,22.39101301001392,0.0031986861993237,0.0042937552227154,0.0010950690233916,-0.6415488619910823,-1.5986596183059198,-0.9571107563148376,4.563959043374113,0
S_00284,P_079,1.0.0,2.5,3.5,4.8,900,750,600,mouse,Android,Chrome,1366,900,2.0,1255,848,60,59.29617693483152,13.607534095774948,14.458545632506947,12,13.0424803203088,0,0,35-44,Other,26,22,4,0.8335595996317067,400.7675245998781,93.8044810246749,406.24901632970943,356.1041432258109,66.9150847482259,380.7891607887666,517.2665743508136,171.449041230412,0.3314520012154007,0.1667228316930408,0.1572291758871669,0.3653480745615873,0.1607253312732003,0.8913143227980546,0.0818062521926741,0.6935048352058565,0.8163930352743942,0.1267302647466834,0.9877018087080952,1.2860086553768617,0.0101807225817695,0.0055799025222105,2.3454783871905347,1.1079346881894176,1.411807859999775,0.772888859418811,3.121144652054996,4.432322346904028,0.7767465298909604,23,20,3,0.8625141351029453,427.4360537628717,84.64178715095419,403.1871261808412,369.06711332368326,78.04881234542587,350.2064623574417,577.2329043141053,154.11204044787746,0.2669841571678947,0.183027908801047,0.1051732691167093,0.3699659525908713,0.1808187575598568,0.8814153969453435,0.0837313918520365,0.6943376602428264,1.0573967474773394,0.1036180906149761,1.0756546742240332,1.3098423582292806,0.0096409892704374,0.0051410346096907,2.3821165745265733,1.1047052631252985,1.7686917409327194,0.983365552742,3.197195429098814,4.119409030959617,0.8938734617316519,28,22,6,0.7983738965380265,459.6303495649427,96.1649267501661,454.9633498751776,379.17832349256497,97.20632482748196,381.0001068832181,654.6593137831882,165.73796784171026,0.2531667454388341,0.1607413120284088,0.1015733985798607,0.3997840663096435,0.1597911102229969,0.8057604060842533,0.068117497095645,0.5984544872815604,0.9640086652532353,0.1417544178950745,0.9826566590100544,1.338728881635614,0.0136653856286438,0.0054141052686615,3.607196072686076,1.2374437101763025,1.850178849759427,1.0812674761965504,3.488064759386276,3.4982198176073696,1.071840748392035,0.0289545354712386,-0.0351857030936801,-0.0641402385649188,26.668529162993597,58.86282496506459,32.194295802071,12.962970097872358,23.07418026675407,10.111210168881712,-0.000539733311332,0.0034846630468743,0.0040243963582064,-0.3129133159444111,-0.9341025292966588,-0.6211892133522476,2.591983503926676,0
S_00285,P_080,1.0.0,2.5,3.5,4.8,900,750,600,mouse,Windows,Chrome,1366,864,1.25,1086,791,60,49.36809505299357,20.10185333359164,25.54060718546276,0,27.084297052494243,0,0,25-34,Female,26,22,4,0.8572655130886827,431.73309406098,99.1029663920071,436.3351992649447,374.3242227043045,88.2797684426787,363.8171826268932,497.37984036394425,115.76017177154212,0.2327399753211504,0.1789087629752833,0.1178113579414928,0.3901357983311925,0.1522694679310718,0.8648599577110893,0.0800665686827982,0.6950486658705801,0.7192853302261836,0.087359882487724,1.0169154758226662,1.3384742542932864,0.0102394177597725,0.004788277476526,2.6833124072675765,1.1491726250398344,1.6752074077618146,0.7258632818616184,3.0697269303002384,4.793454717201727,1.0658095284732578,31,25,6,0.804033381633482,443.48914569277446,92.12731998673203,423.3046657787248,393.93047270323547,85.65540000777413,398.659792900368,587.7334507043366,131.24493540602197,0.2233069008557174,0.2078560675900514,0.1331827116336165,0.4203689714804275,0.1855225682651773,0.8624001741135483,0.0689038761163224,0.7023740316592514,0.9880548460642284,0.1313712086455059,0.9151915765774138,1.371270437009614,0.0149172429049785,0.0067314805088633,3.2493068698586387,1.2630121873709224,2.611262441845445,0.7250314192538695,3.059389729029776,3.796810058772338,1.2172514436572566,26,18,8,0.6752868475517436,484.0061556751738,103.97142299280765,472.8437828475239,423.7437456050239,85.70649801059523,436.7044325036928,554.6390667882756,201.3071886319019,0.3629516936078857,0.2337389478260463,0.1100161884833962,0.4717977813267051,0.161270550668496,0.8605467508265382,0.0869589150684844,0.6585861203268255,1.0738034444530735,0.1711555459881894,0.869053431173368,1.191308686388137,0.0150154948351508,0.0061480693884783,2.9534667605298464,1.617633316418707,2.005988687749809,0.6712891009180391,3.6329164538405214,2.9953123666689936,1.1834946185532125,-0.0532321314552006,-0.1819786655369391,-0.1287465340817384,11.756051631794492,52.27306161419381,40.51700998239932,19.60624999893099,49.41952290071941,29.813272901788423,0.004677825145206,0.0047760770753782,9.825193017224884e-05,-0.9966446584293892,-1.7981423505327334,-0.8014976921033443,-0.20532006346350648,1
S_00286,P_080,1.0.0,2.5,3.5,4.8,900,750,600,touch,Windows,Firefox,2560,1440,1.25,1935,883,60,54.1008956327701,17.609365115329283,24.79998870091488,55,33.39612697546088,0,0,18-24,Female,23,20,3,0.864324401975203,458.00484240346185,91.60080395175588,469.7169143192235,333.24842014294234,83.46117103905397,349.40480891205715,487.7147342816553,154.16278719012917,0.316092125896488,0.1672136078419033,0.131639028660859,0.3920669247047545,0.1277012517207215,0.8506332268931786,0.0783722569517183,0.6822563300458198,0.7838557222108481,0.1562699031952477,1.022508125429742,1.3637440514082535,0.0100600335250948,0.005589902819666,1.9970045835930212,1.3771528234127692,1.982920939669194,0.5827898179865519,3.2339648753173638,4.433050753907628,1.0299968902725631,24,21,3,0.8762793533182793,425.8649307091933,92.76788462277752,430.9689871803312,362.2503249193404,82.47426654490066,356.16803957903727,605.402641819046,193.07688580852516,0.3189230975741852,0.2094348548183303,0.0689586382540877,0.3762652687251523,0.1983841427433653,0.8927361540383855,0.084087784546958,0.6663174777936447,1.0785935989211637,0.1441727520510387,1.0141167865840324,1.0856314204947983,0.0114250975293936,0.0076296149778063,2.949510053657666,1.3606577124591377,1.9184337884881133,0.9994715990595856,3.530379131356073,3.7207335529780634,0.9631107068619869,23,17,6,0.7448705925873542,468.6887899021221,89.86972701605235,457.7229059464269,399.8920346588424,104.86986472627152,425.3208737771699,599.5654974606246,206.2790816193924,0.3440476186389284,0.2270222716002254,0.1177012563768187,0.4827578522070267,0.2025294417882789,0.8380072164366775,0.0845268501165235,0.7234435872544723,1.0647824255320857,0.1294956939590505,0.9821605500662284,1.3136023565903017,0.0126000121742502,0.0059619242580966,3.454077828533469,1.520779347665853,2.1608483479703198,1.3245089966234511,3.5086882469155865,3.9539182552585217,1.1080215353310725,0.0119549513430763,-0.1194538093878487,-0.1314087607309251,-32.13991169426856,10.683947498660189,42.82385919292875,29.00190477639802,66.64361451590003,37.641709739502005,0.0013650640042987,0.0025399786491553,0.0011749146448565,-0.7123172009295651,-0.4791324986491059,0.2331847022804591,0.5428136378215045,1
S_00287,P_080,1.0.0,2.5,3.5,4.8,900,750,600,mouse,Windows,Chrome,1440,900,1.25,1334,573,60,60.0,18.28625968270685,21.334640274592743,42,22.159327285590454,0,0,18-24,Female,31,27,4,0.8743317435503658,436.1618577668963,101.28651561013793,433.3315824453466,387.5103227736262,79.40374448286252,396.6370305838668,515.7977532002654,166.86699819813035,0.3235124565060716,0.2194966852251247,0.137314145874119,0.410287886989912,0.1903957285819197,0.8654137496877594,0.0808158735293583,0.664632977402248,1.0062784079629976,0.1142505207070429,0.8825423843599212,1.379860504793843,0.0115683490677031,0.00771156426745,3.4770566047228635,1.0143822667291733,2.102715563200411,0.9632765425648164,3.0201921397971985,3.597887258879197,1.1197526156917628,22,17,5,0.76374965116953,469.60611235211314,119.89769412146028,495.484391277312,423.2038987689773,94.31262512391996,428.45844493486425,494.9852700285949,189.9282364961315,0.3837048251661296,0.1821542236685178,0.145206927165117,0.5075380242231959,0.1629929738048278,0.8663936380841105,0.0845789181858171,0.530693572101169,0.6361155495074639,0.1442135819294624,0.9048375818108492,1.0177338934709987,0.0121124625481496,0.0072560084141827,3.542146925451929,1.2039232973137617,2.3277668604842634,1.2793549453680462,3.447868396882801,3.826107968678979,1.1818938604202502,29,21,8,0.7217207797051833,509.5499865739478,102.41437478633088,492.86856167780223,398.5522692871944,98.6251371353241,398.9871830875025,614.8614051545073,204.7497145325517,0.3330014094495011,0.265353296760955,0.1302040913527892,0.4583585226584944,0.185748314446375,0.803838475260762,0.0895238591720402,0.5410538538128516,0.7700022872779355,0.189502289447192,0.8483444037819688,1.0404044844183575,0.013195227982105,0.0041994691762988,3.447172684351109,1.6160267629549692,2.086245336700767,0.7736584938523771,3.3860109974874253,3.344565662429116,1.420563505704717,-0.1105820923808358,-0.1526109638451824,-0.0420288714643466,33.44425458521687,73.38812880705154,39.94387422183468,35.69357599535107,11.04194651356812,-24.651629481782948,0.0005441134804464,0.0016268789144019,0.0010827654339554,0.2282207097997823,-0.253321596450081,-0.4815423062498634,-3.2395165715984064,2
S_00288,P_080,1.0.0,2.5,3.5,4.8,900,750,600,mouse,Android,Chrome,2560,864,1.5,2164,716,60,55.702362525877184,14.06827408166602,23.0621142195267,23,25.42257049697876,1,0,25-34,Female,25,21,4,0.8444994971911084,444.2359958635707,94.15160799187854,444.52057399707815,375.41981617903343,88.3141246340432,377.93581983457096,514.7714359246311,191.16604480143468,0.3713610186199682,0.1770647072247582,0.1512857699285477,0.4073378656826326,0.200149360340833,0.9097563595375624,0.078597870151895,0.6508469120474627,0.8493393575660131,0.1235585173482832,0.952801643483069,1.2968020650385117,0.0097646101647319,0.0081518353598769,2.657929921265913,1.1154384249854987,2.1478001013076744,1.1988811852087762,3.411873406536177,4.718934015253565,1.1815348283458371,22,16,6,0.7432972325904387,432.3913246653196,99.64142916733334,450.1054523638569,358.1757724991866,93.10497117614844,348.85466187027924,545.2379434972293,188.41121657190948,0.3455577859519729,0.2162504643404919,0.1469305363033134,0.5110948938345483,0.2362264028547222,0.8647146172680771,0.0773744331215824,0.6573083141607171,1.0960988643759897,0.1180813709354889,1.0016069265582823,1.3261183175706046,0.0119352759313527,0.0053896059403067,2.448615370410323,1.183691498901147,2.469550259334172,0.8892019132530405,3.561878174003083,3.4836760161434874,0.9693599518528836,25,19,6,0.7505734560590462,505.6144098188731,107.67763835283424,503.3501088849935,450.63741181184247,101.53766439647316,456.28229323674935,547.0107410896131,210.4639378724603,0.3847528431584882,0.2200052446001269,0.1173838102756062,0.5020481222347658,0.2250288259368865,0.8223078332146058,0.0806029522900236,0.6129338960759836,0.8082693019075877,0.1452289227279737,0.8347364036445528,1.3213456153452023,0.0131023311152829,0.0075566059146763,3.259594587449133,1.166052870224883,2.708009252265469,1.0339040292353192,3.4650348599355647,3.2039279245718792,1.349591452286803,-0.1012022646006697,-0.0939260411320621,0.0072762234686075,-11.844671198251092,61.37841395530245,73.22308515355354,-17.24404367984681,75.21759563280904,92.46163931265583,0.0021706657666208,0.003337720950551,0.0011670551839301,-1.2352579991100772,-1.5150060906816851,-0.2797480915716082,-2.2702811650523578,1
